Sample	0	1	2	3	4	5	6	7	8	9	10	11	12	13	14	15	16	17	18	19	20	21	22	23	24	25	26	27	28	29	30	31	32	33	34	35	36	37	38	39	40	41	42	43	44	45	46	47	48
SRR5898908_R1	(50, 1492.0)	(55, 1590.0)	(60, 1612.0)	(65, 1624.0)	(70, 1816.0)	(75, 1751.0)	(80, 1809.0)	(85, 1744.0)	(90, 1796.0)	(95, 1751.0)	(100, 1729.0)	(105, 1743.0)	(110, 1778.0)	(115, 1670.0)	(120, 1767.0)	(125, 1675.0)	(130, 1692.0)	(135, 1759.0)	(140, 1721.0)	(145, 6115.0)	(150, 51706.0)																												
SRR5898908_R2	(50, 1500.0)	(55, 1604.0)	(60, 1632.0)	(65, 1639.0)	(70, 1834.0)	(75, 1772.0)	(80, 1825.0)	(85, 1751.0)	(90, 1809.0)	(95, 1770.0)	(100, 1748.0)	(105, 1769.0)	(110, 1803.0)	(115, 1687.0)	(120, 1789.0)	(125, 1696.0)	(130, 1712.0)	(135, 1770.0)	(140, 1750.0)	(145, 5376.0)	(150, 52104.0)																												
SRR5898909_R1	(50, 1702.0)	(55, 1759.0)	(60, 1810.0)	(65, 1906.0)	(70, 1838.0)	(75, 1892.0)	(80, 1910.0)	(85, 1847.0)	(90, 1860.0)	(95, 1905.0)	(100, 1952.0)	(105, 1871.0)	(110, 1935.0)	(115, 1812.0)	(120, 1819.0)	(125, 1699.0)	(130, 1747.0)	(135, 1669.0)	(140, 1698.0)	(145, 5511.0)	(150, 50177.0)																												
SRR5898909_R2	(50, 1722.0)	(55, 1766.0)	(60, 1821.0)	(65, 1913.0)	(70, 1857.0)	(75, 1905.0)	(80, 1923.0)	(85, 1859.0)	(90, 1882.0)	(95, 1924.0)	(100, 1983.0)	(105, 1902.0)	(110, 1960.0)	(115, 1827.0)	(120, 1847.0)	(125, 1720.0)	(130, 1776.0)	(135, 1679.0)	(140, 1737.0)	(145, 5078.0)	(150, 50238.0)																												
SRR5898910_R1	(50, 1643.0)	(55, 1754.0)	(60, 1855.0)	(65, 1833.0)	(70, 1987.0)	(75, 1999.0)	(80, 1992.0)	(85, 1991.0)	(90, 2125.0)	(95, 1950.0)	(100, 2023.0)	(105, 2081.0)	(110, 2013.0)	(115, 1898.0)	(120, 1995.0)	(125, 1923.0)	(130, 1849.0)	(135, 1779.0)	(140, 1866.0)	(145, 5946.0)	(150, 48177.0)																												
SRR5898910_R2	(50, 1680.0)	(55, 1794.0)	(60, 1884.0)	(65, 1858.0)	(70, 2047.0)	(75, 2032.0)	(80, 2039.0)	(85, 2045.0)	(90, 2177.0)	(95, 1994.0)	(100, 2076.0)	(105, 2135.0)	(110, 2041.0)	(115, 1932.0)	(120, 2042.0)	(125, 1974.0)	(130, 1906.0)	(135, 1820.0)	(140, 1939.0)	(145, 5773.0)	(150, 47491.0)																												
SRR5898911_R1	(50, 1205.0)	(55, 1276.0)	(60, 1436.0)	(65, 1593.0)	(70, 1678.0)	(75, 1675.0)	(80, 1787.0)	(85, 1891.0)	(90, 1885.0)	(95, 1936.0)	(100, 1907.0)	(105, 2009.0)	(110, 1975.0)	(115, 1895.0)	(120, 1860.0)	(125, 1915.0)	(130, 1856.0)	(135, 1877.0)	(140, 1814.0)	(145, 6131.0)	(150, 50531.0)																												
SRR5898911_R2	(50, 1217.0)	(55, 1288.0)	(60, 1450.0)	(65, 1613.0)	(70, 1704.0)	(75, 1688.0)	(80, 1807.0)	(85, 1914.0)	(90, 1911.0)	(95, 1966.0)	(100, 1937.0)	(105, 2041.0)	(110, 2006.0)	(115, 1919.0)	(120, 1874.0)	(125, 1934.0)	(130, 1893.0)	(135, 1902.0)	(140, 1847.0)	(145, 5595.0)	(150, 50626.0)																												
SRR5898912_R1	(50, 1309.0)	(55, 1381.0)	(60, 1489.0)	(65, 1538.0)	(70, 1648.0)	(75, 1671.0)	(80, 1733.0)	(85, 1594.0)	(90, 1799.0)	(95, 1696.0)	(100, 1803.0)	(105, 1733.0)	(110, 1774.0)	(115, 1720.0)	(120, 1718.0)	(125, 1614.0)	(130, 1723.0)	(135, 1589.0)	(140, 1606.0)	(145, 6166.0)	(150, 53135.0)																												
SRR5898912_R2	(50, 1318.0)	(55, 1388.0)	(60, 1502.0)	(65, 1548.0)	(70, 1665.0)	(75, 1688.0)	(80, 1747.0)	(85, 1616.0)	(90, 1816.0)	(95, 1710.0)	(100, 1834.0)	(105, 1754.0)	(110, 1789.0)	(115, 1757.0)	(120, 1749.0)	(125, 1623.0)	(130, 1746.0)	(135, 1604.0)	(140, 1624.0)	(145, 5354.0)	(150, 53607.0)																												
SRR5898920_R1	(50, 991.0)	(55, 1095.0)	(60, 1158.0)	(65, 1229.0)	(70, 1311.0)	(75, 1377.0)	(80, 1484.0)	(85, 1522.0)	(90, 1614.0)	(95, 1583.0)	(100, 1710.0)	(105, 1629.0)	(110, 1705.0)	(115, 1710.0)	(120, 1782.0)	(125, 1754.0)	(130, 1815.0)	(135, 1788.0)	(140, 1694.0)	(145, 6526.0)	(150, 57526.0)																												
SRR5898920_R2	(50, 1020.0)	(55, 1115.0)	(60, 1182.0)	(65, 1253.0)	(70, 1336.0)	(75, 1420.0)	(80, 1531.0)	(85, 1546.0)	(90, 1643.0)	(95, 1613.0)	(100, 1744.0)	(105, 1665.0)	(110, 1737.0)	(115, 1754.0)	(120, 1836.0)	(125, 1803.0)	(130, 1884.0)	(135, 1827.0)	(140, 1777.0)	(145, 6279.0)	(150, 57038.0)																												
SRR5898921_R1	(50, 887.0)	(55, 1029.0)	(60, 1089.0)	(65, 1240.0)	(70, 1250.0)	(75, 1422.0)	(80, 1412.0)	(85, 1489.0)	(90, 1602.0)	(95, 1625.0)	(100, 1596.0)	(105, 1641.0)	(110, 1624.0)	(115, 1593.0)	(120, 1685.0)	(125, 1697.0)	(130, 1668.0)	(135, 1691.0)	(140, 1649.0)	(145, 6175.0)	(150, 58600.0)																												
SRR5898921_R2	(50, 907.0)	(55, 1048.0)	(60, 1122.0)	(65, 1271.0)	(70, 1280.0)	(75, 1456.0)	(80, 1454.0)	(85, 1511.0)	(90, 1657.0)	(95, 1672.0)	(100, 1636.0)	(105, 1700.0)	(110, 1677.0)	(115, 1642.0)	(120, 1731.0)	(125, 1735.0)	(130, 1744.0)	(135, 1721.0)	(140, 1715.0)	(145, 5987.0)	(150, 57998.0)																												
SRR5898922_R1	(50, 1101.0)	(55, 1244.0)	(60, 1259.0)	(65, 1391.0)	(70, 1435.0)	(75, 1457.0)	(80, 1489.0)	(85, 1596.0)	(90, 1471.0)	(95, 1620.0)	(100, 1609.0)	(105, 1600.0)	(110, 1746.0)	(115, 1644.0)	(120, 1696.0)	(125, 1682.0)	(130, 1737.0)	(135, 1691.0)	(140, 1691.0)	(145, 5867.0)	(150, 57167.0)																												
SRR5898922_R2	(50, 1128.0)	(55, 1265.0)	(60, 1297.0)	(65, 1422.0)	(70, 1464.0)	(75, 1493.0)	(80, 1535.0)	(85, 1640.0)	(90, 1510.0)	(95, 1661.0)	(100, 1644.0)	(105, 1648.0)	(110, 1782.0)	(115, 1694.0)	(120, 1738.0)	(125, 1741.0)	(130, 1800.0)	(135, 1732.0)	(140, 1755.0)	(145, 5753.0)	(150, 56491.0)																												
SRR5898923_R1	(50, 1430.0)	(55, 1538.0)	(60, 1670.0)	(65, 1774.0)	(70, 1806.0)	(75, 1953.0)	(80, 1910.0)	(85, 2007.0)	(90, 2005.0)	(95, 2098.0)	(100, 2064.0)	(105, 2076.0)	(110, 2066.0)	(115, 2003.0)	(120, 2046.0)	(125, 1983.0)	(130, 1999.0)	(135, 1943.0)	(140, 1872.0)	(145, 5863.0)	(150, 49493.0)																												
SRR5898923_R2	(50, 1461.0)	(55, 1582.0)	(60, 1710.0)	(65, 1812.0)	(70, 1852.0)	(75, 2000.0)	(80, 1962.0)	(85, 2074.0)	(90, 2052.0)	(95, 2143.0)	(100, 2133.0)	(105, 2127.0)	(110, 2129.0)	(115, 2066.0)	(120, 2119.0)	(125, 2040.0)	(130, 2069.0)	(135, 1985.0)	(140, 1925.0)	(145, 5922.0)	(150, 48436.0)																												
SRR5898924_R1	(50, 943.0)	(55, 1073.0)	(60, 1194.0)	(65, 1210.0)	(70, 1266.0)	(75, 1397.0)	(80, 1525.0)	(85, 1498.0)	(90, 1561.0)	(95, 1608.0)	(100, 1613.0)	(105, 1685.0)	(110, 1797.0)	(115, 1695.0)	(120, 1681.0)	(125, 1669.0)	(130, 1682.0)	(135, 1675.0)	(140, 1616.0)	(145, 6460.0)	(150, 56895.0)																												
SRR5898924_R2	(50, 965.0)	(55, 1098.0)	(60, 1215.0)	(65, 1240.0)	(70, 1287.0)	(75, 1435.0)	(80, 1552.0)	(85, 1521.0)	(90, 1596.0)	(95, 1653.0)	(100, 1653.0)	(105, 1724.0)	(110, 1843.0)	(115, 1730.0)	(120, 1723.0)	(125, 1717.0)	(130, 1725.0)	(135, 1697.0)	(140, 1661.0)	(145, 6301.0)	(150, 56407.0)																												
SRR5898925_R1	(50, 877.0)	(55, 958.0)	(60, 1071.0)	(65, 1179.0)	(70, 1444.0)	(75, 1450.0)	(80, 1607.0)	(85, 1574.0)	(90, 1605.0)	(95, 1591.0)	(100, 1783.0)	(105, 1748.0)	(110, 1789.0)	(115, 1800.0)	(120, 1864.0)	(125, 1860.0)	(130, 1841.0)	(135, 1881.0)	(140, 1705.0)	(145, 6775.0)	(150, 57393.0)																												
SRR5898925_R2	(50, 901.0)	(55, 979.0)	(60, 1094.0)	(65, 1192.0)	(70, 1472.0)	(75, 1493.0)	(80, 1643.0)	(85, 1600.0)	(90, 1635.0)	(95, 1627.0)	(100, 1837.0)	(105, 1794.0)	(110, 1843.0)	(115, 1846.0)	(120, 1909.0)	(125, 1910.0)	(130, 1879.0)	(135, 1902.0)	(140, 1766.0)	(145, 6594.0)	(150, 56879.0)																												
SRR5898926_R1	(50, 754.0)	(55, 894.0)	(60, 939.0)	(65, 962.0)	(70, 1058.0)	(75, 1137.0)	(80, 1198.0)	(85, 1210.0)	(90, 1299.0)	(95, 1282.0)	(100, 1409.0)	(105, 1373.0)	(110, 1387.0)	(115, 1434.0)	(120, 1432.0)	(125, 1510.0)	(130, 1543.0)	(135, 1459.0)	(140, 1472.0)	(145, 6836.0)	(150, 62028.0)																												
SRR5898926_R2	(50, 766.0)	(55, 915.0)	(60, 951.0)	(65, 981.0)	(70, 1077.0)	(75, 1168.0)	(80, 1222.0)	(85, 1226.0)	(90, 1326.0)	(95, 1317.0)	(100, 1433.0)	(105, 1398.0)	(110, 1416.0)	(115, 1469.0)	(120, 1466.0)	(125, 1540.0)	(130, 1579.0)	(135, 1493.0)	(140, 1504.0)	(145, 6690.0)	(150, 61679.0)																												
SRR5898948_R1	(50, 301.0)	(55, 386.0)	(60, 469.0)	(65, 577.0)	(70, 628.0)	(75, 821.0)	(80, 882.0)	(85, 982.0)	(90, 1163.0)	(95, 1218.0)	(100, 1294.0)	(105, 1299.0)	(110, 1532.0)	(115, 1644.0)	(120, 1682.0)	(125, 1722.0)	(130, 1703.0)	(135, 1789.0)	(140, 1835.0)	(145, 6529.0)	(150, 62646.0)																												
SRR5898948_R2	(50, 306.0)	(55, 391.0)	(60, 471.0)	(65, 590.0)	(70, 640.0)	(75, 843.0)	(80, 901.0)	(85, 1001.0)	(90, 1202.0)	(95, 1259.0)	(100, 1339.0)	(105, 1369.0)	(110, 1610.0)	(115, 1727.0)	(120, 1783.0)	(125, 1825.0)	(130, 1842.0)	(135, 1883.0)	(140, 1974.0)	(145, 6346.0)	(150, 61800.0)																												
SRR5898950_R1	(50, 308.0)	(55, 386.0)	(60, 443.0)	(65, 508.0)	(70, 626.0)	(75, 674.0)	(80, 774.0)	(85, 832.0)	(90, 933.0)	(95, 1027.0)	(100, 1070.0)	(105, 1182.0)	(110, 1245.0)	(115, 1279.0)	(120, 1303.0)	(125, 1320.0)	(130, 1388.0)	(135, 1448.0)	(140, 1416.0)	(145, 6847.0)	(150, 63759.0)																												
SRR5898950_R2	(50, 308.0)	(55, 390.0)	(60, 447.0)	(65, 515.0)	(70, 641.0)	(75, 677.0)	(80, 790.0)	(85, 850.0)	(90, 956.0)	(95, 1048.0)	(100, 1102.0)	(105, 1224.0)	(110, 1293.0)	(115, 1350.0)	(120, 1374.0)	(125, 1383.0)	(130, 1505.0)	(135, 1517.0)	(140, 1533.0)	(145, 6698.0)	(150, 63167.0)																												
SRR5898954_R1	(50, 337.0)	(55, 376.0)	(60, 438.0)	(65, 454.0)	(70, 559.0)	(75, 719.0)	(80, 754.0)	(85, 876.0)	(90, 1019.0)	(95, 1071.0)	(100, 1125.0)	(105, 1305.0)	(110, 1358.0)	(115, 1352.0)	(120, 1545.0)	(125, 1480.0)	(130, 1477.0)	(135, 1525.0)	(140, 1508.0)	(145, 7068.0)	(150, 64783.0)																												
SRR5898954_R2	(50, 343.0)	(55, 380.0)	(60, 441.0)	(65, 463.0)	(70, 564.0)	(75, 732.0)	(80, 770.0)	(85, 892.0)	(90, 1044.0)	(95, 1094.0)	(100, 1156.0)	(105, 1349.0)	(110, 1424.0)	(115, 1403.0)	(120, 1608.0)	(125, 1537.0)	(130, 1572.0)	(135, 1594.0)	(140, 1636.0)	(145, 7042.0)	(150, 64085.0)																												
SRR5898966_R1	(50, 482.0)	(55, 545.0)	(60, 692.0)	(65, 733.0)	(70, 831.0)	(75, 943.0)	(80, 1092.0)	(85, 1187.0)	(90, 1305.0)	(95, 1375.0)	(100, 1450.0)	(105, 1590.0)	(110, 1656.0)	(115, 1596.0)	(120, 1768.0)	(125, 1713.0)	(130, 1735.0)	(135, 1895.0)	(140, 1744.0)	(145, 6815.0)	(150, 59477.0)																												
SRR5898966_R2	(50, 486.0)	(55, 550.0)	(60, 697.0)	(65, 736.0)	(70, 842.0)	(75, 961.0)	(80, 1109.0)	(85, 1210.0)	(90, 1329.0)	(95, 1406.0)	(100, 1493.0)	(105, 1648.0)	(110, 1723.0)	(115, 1666.0)	(120, 1841.0)	(125, 1793.0)	(130, 1846.0)	(135, 1963.0)	(140, 1869.0)	(145, 6579.0)	(150, 58877.0)																												
SRR5898978_R1	(50, 832.0)	(55, 1036.0)	(60, 1213.0)	(65, 1358.0)	(70, 1578.0)	(75, 1725.0)	(80, 1844.0)	(85, 1899.0)	(90, 2071.0)	(95, 2134.0)	(100, 2075.0)	(105, 2142.0)	(110, 2146.0)	(115, 2097.0)	(120, 2184.0)	(125, 2038.0)	(130, 2051.0)	(135, 2079.0)	(140, 2010.0)	(145, 6478.0)	(150, 53873.0)																												
SRR5898978_R2	(50, 837.0)	(55, 1044.0)	(60, 1216.0)	(65, 1371.0)	(70, 1588.0)	(75, 1746.0)	(80, 1853.0)	(85, 1921.0)	(90, 2092.0)	(95, 2152.0)	(100, 2101.0)	(105, 2170.0)	(110, 2175.0)	(115, 2135.0)	(120, 2225.0)	(125, 2057.0)	(130, 2079.0)	(135, 2103.0)	(140, 2070.0)	(145, 6443.0)	(150, 53485.0)																												
SRR5898979_R1	(50, 491.0)	(55, 529.0)	(60, 641.0)	(65, 711.0)	(70, 847.0)	(75, 958.0)	(80, 1055.0)	(85, 1143.0)	(90, 1257.0)	(95, 1315.0)	(100, 1466.0)	(105, 1507.0)	(110, 1700.0)	(115, 1696.0)	(120, 1750.0)	(125, 1706.0)	(130, 1762.0)	(135, 1785.0)	(140, 1822.0)	(145, 7133.0)	(150, 60775.0)																												
SRR5898979_R2	(50, 495.0)	(55, 534.0)	(60, 650.0)	(65, 732.0)	(70, 867.0)	(75, 974.0)	(80, 1073.0)	(85, 1166.0)	(90, 1286.0)	(95, 1351.0)	(100, 1509.0)	(105, 1558.0)	(110, 1760.0)	(115, 1779.0)	(120, 1838.0)	(125, 1787.0)	(130, 1893.0)	(135, 1870.0)	(140, 1935.0)	(145, 7091.0)	(150, 59901.0)																												
SRR5898980_R1	(50, 308.0)	(55, 389.0)	(60, 460.0)	(65, 537.0)	(70, 612.0)	(75, 730.0)	(80, 818.0)	(85, 914.0)	(90, 1024.0)	(95, 1186.0)	(100, 1275.0)	(105, 1292.0)	(110, 1408.0)	(115, 1505.0)	(120, 1550.0)	(125, 1530.0)	(130, 1566.0)	(135, 1660.0)	(140, 1645.0)	(145, 6635.0)	(150, 63218.0)																												
SRR5898980_R2	(50, 309.0)	(55, 395.0)	(60, 464.0)	(65, 545.0)	(70, 622.0)	(75, 738.0)	(80, 840.0)	(85, 941.0)	(90, 1044.0)	(95, 1218.0)	(100, 1318.0)	(105, 1326.0)	(110, 1469.0)	(115, 1563.0)	(120, 1627.0)	(125, 1628.0)	(130, 1663.0)	(135, 1740.0)	(140, 1768.0)	(145, 6663.0)	(150, 62381.0)																												
SRR5898981_R1	(50, 299.0)	(55, 371.0)	(60, 444.0)	(65, 567.0)	(70, 656.0)	(75, 798.0)	(80, 944.0)	(85, 1009.0)	(90, 1205.0)	(95, 1229.0)	(100, 1434.0)	(105, 1400.0)	(110, 1573.0)	(115, 1584.0)	(120, 1738.0)	(125, 1660.0)	(130, 1708.0)	(135, 1814.0)	(140, 1798.0)	(145, 7497.0)	(150, 64033.0)																												
SRR5898981_R2	(50, 300.0)	(55, 372.0)	(60, 444.0)	(65, 571.0)	(70, 660.0)	(75, 806.0)	(80, 953.0)	(85, 1019.0)	(90, 1208.0)	(95, 1248.0)	(100, 1453.0)	(105, 1414.0)	(110, 1611.0)	(115, 1601.0)	(120, 1752.0)	(125, 1694.0)	(130, 1749.0)	(135, 1842.0)	(140, 1857.0)	(145, 7345.0)	(150, 63862.0)																												
SRR5898982_R1	(50, 477.0)	(55, 601.0)	(60, 688.0)	(65, 833.0)	(70, 916.0)	(75, 1080.0)	(80, 1170.0)	(85, 1289.0)	(90, 1370.0)	(95, 1464.0)	(100, 1607.0)	(105, 1568.0)	(110, 1678.0)	(115, 1686.0)	(120, 1697.0)	(125, 1820.0)	(130, 1741.0)	(135, 1820.0)	(140, 1677.0)	(145, 7120.0)	(150, 61537.0)																												
SRR5898982_R2	(50, 482.0)	(55, 607.0)	(60, 693.0)	(65, 833.0)	(70, 924.0)	(75, 1089.0)	(80, 1173.0)	(85, 1298.0)	(90, 1378.0)	(95, 1476.0)	(100, 1614.0)	(105, 1582.0)	(110, 1696.0)	(115, 1702.0)	(120, 1722.0)	(125, 1849.0)	(130, 1773.0)	(135, 1836.0)	(140, 1727.0)	(145, 6792.0)	(150, 61593.0)																												
SRR5898983_R1	(50, 225.0)	(55, 255.0)	(60, 331.0)	(65, 391.0)	(70, 434.0)	(75, 533.0)	(80, 593.0)	(85, 760.0)	(90, 810.0)	(95, 894.0)	(100, 1016.0)	(105, 1068.0)	(110, 1218.0)	(115, 1318.0)	(120, 1461.0)	(125, 1465.0)	(130, 1671.0)	(135, 1610.0)	(140, 1708.0)	(145, 7458.0)	(150, 69741.0)																												
SRR5898983_R2	(50, 224.0)	(55, 257.0)	(60, 335.0)	(65, 394.0)	(70, 434.0)	(75, 538.0)	(80, 600.0)	(85, 764.0)	(90, 819.0)	(95, 902.0)	(100, 1025.0)	(105, 1084.0)	(110, 1225.0)	(115, 1336.0)	(120, 1476.0)	(125, 1480.0)	(130, 1704.0)	(135, 1633.0)	(140, 1739.0)	(145, 7259.0)	(150, 69732.0)																												
SRR5898984_R1	(50, 488.0)	(55, 576.0)	(60, 675.0)	(65, 863.0)	(70, 934.0)	(75, 1011.0)	(80, 1226.0)	(85, 1289.0)	(90, 1471.0)	(95, 1485.0)	(100, 1686.0)	(105, 1734.0)	(110, 1733.0)	(115, 1874.0)	(120, 1867.0)	(125, 1896.0)	(130, 1818.0)	(135, 1836.0)	(140, 1879.0)	(145, 6830.0)	(150, 56531.0)																												
SRR5898984_R2	(50, 493.0)	(55, 580.0)	(60, 680.0)	(65, 873.0)	(70, 942.0)	(75, 1028.0)	(80, 1246.0)	(85, 1325.0)	(90, 1508.0)	(95, 1531.0)	(100, 1726.0)	(105, 1797.0)	(110, 1812.0)	(115, 1953.0)	(120, 1949.0)	(125, 1971.0)	(130, 1930.0)	(135, 1933.0)	(140, 1990.0)	(145, 6519.0)	(150, 55916.0)																												
SRR5898985_R1	(50, 914.0)	(55, 1037.0)	(60, 1222.0)	(65, 1454.0)	(70, 1599.0)	(75, 1803.0)	(80, 1850.0)	(85, 1933.0)	(90, 2137.0)	(95, 2212.0)	(100, 2272.0)	(105, 2303.0)	(110, 2322.0)	(115, 2380.0)	(120, 2378.0)	(125, 2292.0)	(130, 2265.0)	(135, 2120.0)	(140, 2040.0)	(145, 6214.0)	(150, 52115.0)																												
SRR5898985_R2	(50, 916.0)	(55, 1046.0)	(60, 1226.0)	(65, 1469.0)	(70, 1617.0)	(75, 1815.0)	(80, 1854.0)	(85, 1947.0)	(90, 2168.0)	(95, 2239.0)	(100, 2315.0)	(105, 2326.0)	(110, 2347.0)	(115, 2422.0)	(120, 2418.0)	(125, 2331.0)	(130, 2318.0)	(135, 2164.0)	(140, 2125.0)	(145, 6201.0)	(150, 51598.0)																												
SRR5898986_R1	(50, 553.0)	(55, 606.0)	(60, 790.0)	(65, 936.0)	(70, 1048.0)	(75, 1141.0)	(80, 1224.0)	(85, 1320.0)	(90, 1465.0)	(95, 1577.0)	(100, 1666.0)	(105, 1621.0)	(110, 1789.0)	(115, 1765.0)	(120, 1741.0)	(125, 1820.0)	(130, 1847.0)	(135, 1841.0)	(140, 1761.0)	(145, 6800.0)	(150, 58880.0)																												
SRR5898986_R2	(50, 562.0)	(55, 616.0)	(60, 806.0)	(65, 949.0)	(70, 1068.0)	(75, 1164.0)	(80, 1257.0)	(85, 1356.0)	(90, 1503.0)	(95, 1619.0)	(100, 1725.0)	(105, 1685.0)	(110, 1864.0)	(115, 1850.0)	(120, 1822.0)	(125, 1918.0)	(130, 1961.0)	(135, 1904.0)	(140, 1866.0)	(145, 6507.0)	(150, 58189.0)																												
SRR5898987_R1	(50, 501.0)	(55, 616.0)	(60, 668.0)	(65, 814.0)	(70, 891.0)	(75, 1026.0)	(80, 1116.0)	(85, 1249.0)	(90, 1287.0)	(95, 1370.0)	(100, 1465.0)	(105, 1528.0)	(110, 1634.0)	(115, 1670.0)	(120, 1610.0)	(125, 1683.0)	(130, 1637.0)	(135, 1749.0)	(140, 1672.0)	(145, 6881.0)	(150, 62903.0)																												
SRR5898987_R2	(50, 504.0)	(55, 619.0)	(60, 675.0)	(65, 814.0)	(70, 904.0)	(75, 1038.0)	(80, 1129.0)	(85, 1263.0)	(90, 1300.0)	(95, 1385.0)	(100, 1488.0)	(105, 1553.0)	(110, 1667.0)	(115, 1689.0)	(120, 1636.0)	(125, 1708.0)	(130, 1664.0)	(135, 1768.0)	(140, 1724.0)	(145, 6593.0)	(150, 62849.0)																												
SRR5899005_R1	(50, 1628.0)	(55, 1688.0)	(60, 1746.0)	(65, 1751.0)	(70, 1857.0)	(75, 1835.0)	(80, 1907.0)	(85, 1827.0)	(90, 1868.0)	(95, 1848.0)	(100, 1860.0)	(105, 1792.0)	(110, 1818.0)	(115, 1811.0)	(120, 1844.0)	(125, 1703.0)	(130, 1676.0)	(135, 1659.0)	(140, 1596.0)	(145, 5949.0)	(150, 50429.0)																												
SRR5899005_R2	(50, 1634.0)	(55, 1697.0)	(60, 1756.0)	(65, 1772.0)	(70, 1868.0)	(75, 1847.0)	(80, 1928.0)	(85, 1834.0)	(90, 1896.0)	(95, 1865.0)	(100, 1875.0)	(105, 1828.0)	(110, 1840.0)	(115, 1836.0)	(120, 1868.0)	(125, 1728.0)	(130, 1704.0)	(135, 1680.0)	(140, 1639.0)	(145, 5261.0)	(150, 50736.0)																												
SRR5899006_R1	(50, 1324.0)	(55, 1482.0)	(60, 1552.0)	(65, 1606.0)	(70, 1791.0)	(75, 1727.0)	(80, 1762.0)	(85, 1844.0)	(90, 1862.0)	(95, 1914.0)	(100, 1904.0)	(105, 1981.0)	(110, 1891.0)	(115, 1914.0)	(120, 1903.0)	(125, 1937.0)	(130, 1798.0)	(135, 1867.0)	(140, 1750.0)	(145, 6095.0)	(150, 51299.0)																												
SRR5899006_R2	(50, 1334.0)	(55, 1494.0)	(60, 1571.0)	(65, 1621.0)	(70, 1811.0)	(75, 1747.0)	(80, 1786.0)	(85, 1867.0)	(90, 1890.0)	(95, 1940.0)	(100, 1930.0)	(105, 2008.0)	(110, 1941.0)	(115, 1947.0)	(120, 1932.0)	(125, 1955.0)	(130, 1844.0)	(135, 1885.0)	(140, 1798.0)	(145, 5415.0)	(150, 51487.0)																												
SRR5899007_R1	(50, 1231.0)	(55, 1327.0)	(60, 1391.0)	(65, 1444.0)	(70, 1451.0)	(75, 1451.0)	(80, 1632.0)	(85, 1520.0)	(90, 1600.0)	(95, 1508.0)	(100, 1663.0)	(105, 1551.0)	(110, 1644.0)	(115, 1561.0)	(120, 1621.0)	(125, 1553.0)	(130, 1559.0)	(135, 1647.0)	(140, 1535.0)	(145, 6224.0)	(150, 55275.0)																												
SRR5899007_R2	(50, 1244.0)	(55, 1334.0)	(60, 1403.0)	(65, 1453.0)	(70, 1463.0)	(75, 1461.0)	(80, 1641.0)	(85, 1535.0)	(90, 1622.0)	(95, 1527.0)	(100, 1683.0)	(105, 1570.0)	(110, 1661.0)	(115, 1582.0)	(120, 1635.0)	(125, 1562.0)	(130, 1594.0)	(135, 1654.0)	(140, 1568.0)	(145, 5485.0)	(150, 55711.0)																												
SRR5899017_R1	(50, 181.0)	(55, 223.0)	(60, 231.0)	(65, 298.0)	(70, 329.0)	(75, 374.0)	(80, 458.0)	(85, 526.0)	(90, 523.0)	(95, 621.0)	(100, 698.0)	(105, 819.0)	(110, 819.0)	(115, 901.0)	(120, 1035.0)	(125, 1155.0)	(130, 1167.0)	(135, 1256.0)	(140, 1328.0)	(145, 7199.0)	(150, 67089.0)																												
SRR5899017_R2	(50, 181.0)	(55, 225.0)	(60, 236.0)	(65, 299.0)	(70, 338.0)	(75, 385.0)	(80, 473.0)	(85, 543.0)	(90, 549.0)	(95, 644.0)	(100, 729.0)	(105, 857.0)	(110, 889.0)	(115, 954.0)	(120, 1111.0)	(125, 1237.0)	(130, 1282.0)	(135, 1326.0)	(140, 1472.0)	(145, 7032.0)	(150, 66468.0)																												
SRR8865572_R1	(60, 163.0)	(62, 142.0)	(64, 137.0)	(66, 166.0)	(68, 181.0)	(70, 215.0)	(72, 209.0)	(74, 218.0)	(76, 201.0)	(78, 259.0)	(80, 292.0)	(82, 297.0)	(84, 296.0)	(86, 297.0)	(88, 358.0)	(90, 342.0)	(92, 338.0)	(94, 371.0)	(96, 371.0)	(98, 399.0)	(100, 432.0)	(102, 465.0)	(104, 466.0)	(106, 434.0)	(108, 449.0)	(110, 486.0)	(112, 530.0)	(114, 485.0)	(116, 531.0)	(118, 579.0)	(120, 541.0)	(122, 603.0)	(124, 572.0)	(126, 554.0)	(128, 595.0)	(130, 638.0)	(132, 666.0)	(134, 642.0)	(136, 630.0)	(138, 679.0)	(140, 623.0)	(142, 636.0)	(144, 665.0)	(146, 1036.0)	(148, 6561.0)	(150, 74250.0)			
SRR8865572_R2	(60, 163.0)	(62, 142.0)	(64, 137.0)	(66, 166.0)	(68, 181.0)	(70, 215.0)	(72, 210.0)	(74, 217.0)	(76, 201.0)	(78, 259.0)	(80, 293.0)	(82, 297.0)	(84, 295.0)	(86, 298.0)	(88, 358.0)	(90, 342.0)	(92, 338.0)	(94, 374.0)	(96, 370.0)	(98, 401.0)	(100, 432.0)	(102, 465.0)	(104, 467.0)	(106, 434.0)	(108, 449.0)	(110, 486.0)	(112, 530.0)	(114, 486.0)	(116, 532.0)	(118, 581.0)	(120, 542.0)	(122, 606.0)	(124, 574.0)	(126, 555.0)	(128, 597.0)	(130, 637.0)	(132, 669.0)	(134, 647.0)	(136, 632.0)	(138, 679.0)	(140, 624.0)	(142, 642.0)	(144, 689.0)	(146, 1042.0)	(148, 6259.0)	(150, 74487.0)			
SRR8865573_R1	(54, 1.0)	(56, 0.0)	(58, 0.0)	(60, 165.0)	(62, 180.0)	(64, 175.0)	(66, 238.0)	(68, 255.0)	(70, 259.0)	(72, 285.0)	(74, 268.0)	(76, 294.0)	(78, 313.0)	(80, 322.0)	(82, 342.0)	(84, 338.0)	(86, 384.0)	(88, 401.0)	(90, 402.0)	(92, 416.0)	(94, 445.0)	(96, 481.0)	(98, 484.0)	(100, 519.0)	(102, 502.0)	(104, 488.0)	(106, 540.0)	(108, 531.0)	(110, 628.0)	(112, 567.0)	(114, 569.0)	(116, 582.0)	(118, 640.0)	(120, 662.0)	(122, 629.0)	(124, 633.0)	(126, 665.0)	(128, 649.0)	(130, 656.0)	(132, 652.0)	(134, 677.0)	(136, 656.0)	(138, 745.0)	(140, 615.0)	(142, 667.0)	(144, 672.0)	(146, 1053.0)	(148, 6082.0)	(150, 72273.0)
SRR8865573_R2	(54, 1.0)	(56, 0.0)	(58, 0.0)	(60, 165.0)	(62, 180.0)	(64, 175.0)	(66, 238.0)	(68, 254.0)	(70, 260.0)	(72, 285.0)	(74, 268.0)	(76, 295.0)	(78, 312.0)	(80, 322.0)	(82, 342.0)	(84, 338.0)	(86, 384.0)	(88, 401.0)	(90, 403.0)	(92, 416.0)	(94, 446.0)	(96, 482.0)	(98, 483.0)	(100, 520.0)	(102, 503.0)	(104, 487.0)	(106, 542.0)	(108, 530.0)	(110, 628.0)	(112, 568.0)	(114, 570.0)	(116, 582.0)	(118, 640.0)	(120, 665.0)	(122, 631.0)	(124, 636.0)	(126, 664.0)	(128, 653.0)	(130, 655.0)	(132, 659.0)	(134, 680.0)	(136, 659.0)	(138, 746.0)	(140, 616.0)	(142, 675.0)	(144, 701.0)	(146, 1032.0)	(148, 5907.0)	(150, 72401.0)
SRR8865574_R1	(60, 229.0)	(62, 215.0)	(64, 237.0)	(66, 271.0)	(68, 274.0)	(70, 269.0)	(72, 337.0)	(74, 360.0)	(76, 373.0)	(78, 354.0)	(80, 371.0)	(82, 427.0)	(84, 419.0)	(86, 491.0)	(88, 472.0)	(90, 518.0)	(92, 532.0)	(94, 533.0)	(96, 533.0)	(98, 602.0)	(100, 655.0)	(102, 599.0)	(104, 648.0)	(106, 679.0)	(108, 700.0)	(110, 748.0)	(112, 744.0)	(114, 712.0)	(116, 777.0)	(118, 723.0)	(120, 788.0)	(122, 743.0)	(124, 810.0)	(126, 832.0)	(128, 801.0)	(130, 885.0)	(132, 859.0)	(134, 868.0)	(136, 865.0)	(138, 910.0)	(140, 913.0)	(142, 854.0)	(144, 856.0)	(146, 1181.0)	(148, 5796.0)	(150, 67237.0)			
SRR8865574_R2	(60, 229.0)	(62, 215.0)	(64, 237.0)	(66, 272.0)	(68, 273.0)	(70, 268.0)	(72, 337.0)	(74, 361.0)	(76, 373.0)	(78, 354.0)	(80, 371.0)	(82, 428.0)	(84, 418.0)	(86, 492.0)	(88, 472.0)	(90, 518.0)	(92, 530.0)	(94, 536.0)	(96, 533.0)	(98, 603.0)	(100, 657.0)	(102, 603.0)	(104, 652.0)	(106, 681.0)	(108, 705.0)	(110, 748.0)	(112, 751.0)	(114, 720.0)	(116, 782.0)	(118, 729.0)	(120, 793.0)	(122, 751.0)	(124, 814.0)	(126, 841.0)	(128, 808.0)	(130, 898.0)	(132, 870.0)	(134, 875.0)	(136, 874.0)	(138, 914.0)	(140, 915.0)	(142, 882.0)	(144, 927.0)	(146, 1260.0)	(148, 5717.0)	(150, 67013.0)			
SRR8865575_R1	(58, 1.0)	(60, 142.0)	(62, 159.0)	(64, 164.0)	(66, 177.0)	(68, 195.0)	(70, 211.0)	(72, 216.0)	(74, 226.0)	(76, 248.0)	(78, 276.0)	(80, 312.0)	(82, 297.0)	(84, 315.0)	(86, 299.0)	(88, 316.0)	(90, 348.0)	(92, 376.0)	(94, 360.0)	(96, 369.0)	(98, 451.0)	(100, 485.0)	(102, 444.0)	(104, 478.0)	(106, 446.0)	(108, 496.0)	(110, 519.0)	(112, 543.0)	(114, 535.0)	(116, 524.0)	(118, 555.0)	(120, 596.0)	(122, 580.0)	(124, 575.0)	(126, 622.0)	(128, 610.0)	(130, 639.0)	(132, 651.0)	(134, 640.0)	(136, 643.0)	(138, 637.0)	(140, 635.0)	(142, 693.0)	(144, 730.0)	(146, 1066.0)	(148, 6289.0)	(150, 73907.0)		
SRR8865575_R2	(58, 1.0)	(60, 142.0)	(62, 159.0)	(64, 164.0)	(66, 177.0)	(68, 196.0)	(70, 210.0)	(72, 216.0)	(74, 226.0)	(76, 248.0)	(78, 276.0)	(80, 312.0)	(82, 298.0)	(84, 315.0)	(86, 299.0)	(88, 316.0)	(90, 348.0)	(92, 376.0)	(94, 360.0)	(96, 369.0)	(98, 451.0)	(100, 485.0)	(102, 444.0)	(104, 479.0)	(106, 447.0)	(108, 496.0)	(110, 518.0)	(112, 544.0)	(114, 537.0)	(116, 524.0)	(118, 555.0)	(120, 596.0)	(122, 582.0)	(124, 578.0)	(126, 624.0)	(128, 613.0)	(130, 641.0)	(132, 655.0)	(134, 645.0)	(136, 646.0)	(138, 637.0)	(140, 638.0)	(142, 702.0)	(144, 753.0)	(146, 1100.0)	(148, 6213.0)	(150, 73885.0)		
SRR8865576_R1	(60, 196.0)	(62, 233.0)	(64, 209.0)	(66, 244.0)	(68, 269.0)	(70, 270.0)	(72, 273.0)	(74, 312.0)	(76, 313.0)	(78, 365.0)	(80, 374.0)	(82, 384.0)	(84, 409.0)	(86, 429.0)	(88, 448.0)	(90, 496.0)	(92, 488.0)	(94, 464.0)	(96, 535.0)	(98, 530.0)	(100, 563.0)	(102, 550.0)	(104, 540.0)	(106, 575.0)	(108, 604.0)	(110, 651.0)	(112, 628.0)	(114, 642.0)	(116, 675.0)	(118, 653.0)	(120, 734.0)	(122, 719.0)	(124, 728.0)	(126, 712.0)	(128, 698.0)	(130, 725.0)	(132, 720.0)	(134, 777.0)	(136, 701.0)	(138, 754.0)	(140, 749.0)	(142, 772.0)	(144, 756.0)	(146, 1060.0)	(148, 5964.0)	(150, 70109.0)			
SRR8865576_R2	(60, 195.0)	(62, 235.0)	(64, 209.0)	(66, 244.0)	(68, 269.0)	(70, 270.0)	(72, 273.0)	(74, 312.0)	(76, 313.0)	(78, 365.0)	(80, 374.0)	(82, 384.0)	(84, 409.0)	(86, 429.0)	(88, 448.0)	(90, 496.0)	(92, 491.0)	(94, 464.0)	(96, 534.0)	(98, 530.0)	(100, 564.0)	(102, 550.0)	(104, 541.0)	(106, 575.0)	(108, 605.0)	(110, 651.0)	(112, 627.0)	(114, 641.0)	(116, 678.0)	(118, 652.0)	(120, 737.0)	(122, 720.0)	(124, 726.0)	(126, 716.0)	(128, 700.0)	(130, 726.0)	(132, 724.0)	(134, 781.0)	(136, 704.0)	(138, 753.0)	(140, 747.0)	(142, 776.0)	(144, 762.0)	(146, 1126.0)	(148, 5865.0)	(150, 70109.0)			
SRR8865577_R1	(60, 552.0)	(62, 590.0)	(64, 574.0)	(66, 627.0)	(68, 635.0)	(70, 725.0)	(72, 702.0)	(74, 684.0)	(76, 724.0)	(78, 791.0)	(80, 787.0)	(82, 787.0)	(84, 768.0)	(86, 789.0)	(88, 794.0)	(90, 888.0)	(92, 859.0)	(94, 813.0)	(96, 828.0)	(98, 847.0)	(100, 922.0)	(102, 914.0)	(104, 845.0)	(106, 884.0)	(108, 865.0)	(110, 878.0)	(112, 830.0)	(114, 851.0)	(116, 851.0)	(118, 821.0)	(120, 839.0)	(122, 878.0)	(124, 832.0)	(126, 814.0)	(128, 840.0)	(130, 866.0)	(132, 781.0)	(134, 815.0)	(136, 785.0)	(138, 835.0)	(140, 797.0)	(142, 773.0)	(144, 736.0)	(146, 1037.0)	(148, 5245.0)	(150, 59701.0)			
SRR8865577_R2	(60, 554.0)	(62, 589.0)	(64, 574.0)	(66, 627.0)	(68, 637.0)	(70, 724.0)	(72, 703.0)	(74, 686.0)	(76, 724.0)	(78, 794.0)	(80, 788.0)	(82, 789.0)	(84, 767.0)	(86, 794.0)	(88, 805.0)	(90, 893.0)	(92, 863.0)	(94, 825.0)	(96, 838.0)	(98, 857.0)	(100, 930.0)	(102, 934.0)	(104, 861.0)	(106, 898.0)	(108, 884.0)	(110, 895.0)	(112, 859.0)	(114, 870.0)	(116, 871.0)	(118, 840.0)	(120, 860.0)	(122, 900.0)	(124, 858.0)	(126, 846.0)	(128, 864.0)	(130, 894.0)	(132, 824.0)	(134, 846.0)	(136, 812.0)	(138, 868.0)	(140, 824.0)	(142, 827.0)	(144, 809.0)	(146, 1056.0)	(148, 4629.0)	(150, 59609.0)			
SRR8865578_R1	(60, 204.0)	(62, 216.0)	(64, 230.0)	(66, 236.0)	(68, 286.0)	(70, 274.0)	(72, 311.0)	(74, 287.0)	(76, 320.0)	(78, 364.0)	(80, 357.0)	(82, 405.0)	(84, 414.0)	(86, 395.0)	(88, 427.0)	(90, 424.0)	(92, 466.0)	(94, 484.0)	(96, 484.0)	(98, 529.0)	(100, 531.0)	(102, 569.0)	(104, 568.0)	(106, 557.0)	(108, 589.0)	(110, 657.0)	(112, 656.0)	(114, 689.0)	(116, 643.0)	(118, 732.0)	(120, 661.0)	(122, 723.0)	(124, 677.0)	(126, 693.0)	(128, 716.0)	(130, 745.0)	(132, 710.0)	(134, 725.0)	(136, 752.0)	(138, 787.0)	(140, 731.0)	(142, 745.0)	(144, 816.0)	(146, 1048.0)	(148, 6213.0)	(150, 69952.0)			
SRR8865578_R2	(60, 204.0)	(62, 216.0)	(64, 230.0)	(66, 236.0)	(68, 286.0)	(70, 274.0)	(72, 311.0)	(74, 288.0)	(76, 321.0)	(78, 364.0)	(80, 356.0)	(82, 404.0)	(84, 415.0)	(86, 395.0)	(88, 427.0)	(90, 424.0)	(92, 467.0)	(94, 484.0)	(96, 484.0)	(98, 529.0)	(100, 533.0)	(102, 568.0)	(104, 569.0)	(106, 557.0)	(108, 590.0)	(110, 657.0)	(112, 656.0)	(114, 689.0)	(116, 644.0)	(118, 733.0)	(120, 661.0)	(122, 724.0)	(124, 676.0)	(126, 695.0)	(128, 715.0)	(130, 746.0)	(132, 714.0)	(134, 727.0)	(136, 758.0)	(138, 790.0)	(140, 733.0)	(142, 756.0)	(144, 838.0)	(146, 1094.0)	(148, 6017.0)	(150, 70043.0)			
SRR8865579_R1	(60, 146.0)	(62, 133.0)	(64, 177.0)	(66, 184.0)	(68, 208.0)	(70, 208.0)	(72, 216.0)	(74, 260.0)	(76, 257.0)	(78, 302.0)	(80, 308.0)	(82, 309.0)	(84, 336.0)	(86, 354.0)	(88, 355.0)	(90, 376.0)	(92, 391.0)	(94, 405.0)	(96, 400.0)	(98, 437.0)	(100, 443.0)	(102, 501.0)	(104, 466.0)	(106, 443.0)	(108, 450.0)	(110, 503.0)	(112, 552.0)	(114, 556.0)	(116, 517.0)	(118, 590.0)	(120, 614.0)	(122, 590.0)	(124, 580.0)	(126, 612.0)	(128, 562.0)	(130, 667.0)	(132, 644.0)	(134, 631.0)	(136, 633.0)	(138, 628.0)	(140, 636.0)	(142, 672.0)	(144, 675.0)	(146, 1007.0)	(148, 6466.0)	(150, 73598.0)			
SRR8865579_R2	(60, 146.0)	(62, 133.0)	(64, 177.0)	(66, 184.0)	(68, 208.0)	(70, 208.0)	(72, 216.0)	(74, 260.0)	(76, 257.0)	(78, 302.0)	(80, 308.0)	(82, 309.0)	(84, 336.0)	(86, 354.0)	(88, 355.0)	(90, 376.0)	(92, 391.0)	(94, 405.0)	(96, 401.0)	(98, 438.0)	(100, 443.0)	(102, 501.0)	(104, 466.0)	(106, 443.0)	(108, 450.0)	(110, 506.0)	(112, 553.0)	(114, 557.0)	(116, 517.0)	(118, 591.0)	(120, 615.0)	(122, 591.0)	(124, 580.0)	(126, 612.0)	(128, 564.0)	(130, 671.0)	(132, 650.0)	(134, 632.0)	(136, 634.0)	(138, 628.0)	(140, 639.0)	(142, 684.0)	(144, 693.0)	(146, 1008.0)	(148, 6063.0)	(150, 73943.0)			
SRR8865580_R1	(60, 162.0)	(62, 160.0)	(64, 178.0)	(66, 198.0)	(68, 210.0)	(70, 268.0)	(72, 238.0)	(74, 242.0)	(76, 277.0)	(78, 317.0)	(80, 302.0)	(82, 333.0)	(84, 333.0)	(86, 367.0)	(88, 347.0)	(90, 389.0)	(92, 361.0)	(94, 409.0)	(96, 430.0)	(98, 446.0)	(100, 474.0)	(102, 508.0)	(104, 509.0)	(106, 517.0)	(108, 538.0)	(110, 552.0)	(112, 534.0)	(114, 576.0)	(116, 595.0)	(118, 618.0)	(120, 629.0)	(122, 626.0)	(124, 693.0)	(126, 612.0)	(128, 650.0)	(130, 689.0)	(132, 751.0)	(134, 672.0)	(136, 708.0)	(138, 737.0)	(140, 742.0)	(142, 732.0)	(144, 718.0)	(146, 1153.0)	(148, 6338.0)	(150, 72161.0)			
SRR8865580_R2	(60, 162.0)	(62, 160.0)	(64, 178.0)	(66, 198.0)	(68, 210.0)	(70, 268.0)	(72, 238.0)	(74, 242.0)	(76, 277.0)	(78, 317.0)	(80, 302.0)	(82, 333.0)	(84, 333.0)	(86, 368.0)	(88, 348.0)	(90, 389.0)	(92, 362.0)	(94, 408.0)	(96, 431.0)	(98, 445.0)	(100, 476.0)	(102, 510.0)	(104, 510.0)	(106, 517.0)	(108, 538.0)	(110, 554.0)	(112, 534.0)	(114, 577.0)	(116, 594.0)	(118, 618.0)	(120, 631.0)	(122, 625.0)	(124, 696.0)	(126, 611.0)	(128, 652.0)	(130, 691.0)	(132, 759.0)	(134, 674.0)	(136, 713.0)	(138, 738.0)	(140, 742.0)	(142, 743.0)	(144, 738.0)	(146, 1138.0)	(148, 6169.0)	(150, 72282.0)			
SRR8865581_R1	(60, 156.0)	(62, 130.0)	(64, 163.0)	(66, 165.0)	(68, 181.0)	(70, 212.0)	(72, 237.0)	(74, 232.0)	(76, 246.0)	(78, 278.0)	(80, 291.0)	(82, 297.0)	(84, 337.0)	(86, 297.0)	(88, 357.0)	(90, 378.0)	(92, 373.0)	(94, 381.0)	(96, 414.0)	(98, 450.0)	(100, 435.0)	(102, 479.0)	(104, 442.0)	(106, 504.0)	(108, 502.0)	(110, 502.0)	(112, 498.0)	(114, 581.0)	(116, 566.0)	(118, 537.0)	(120, 565.0)	(122, 622.0)	(124, 626.0)	(126, 634.0)	(128, 584.0)	(130, 619.0)	(132, 660.0)	(134, 638.0)	(136, 641.0)	(138, 696.0)	(140, 653.0)	(142, 685.0)	(144, 696.0)	(146, 1046.0)	(148, 6292.0)	(150, 73719.0)			
SRR8865581_R2	(60, 156.0)	(62, 130.0)	(64, 163.0)	(66, 165.0)	(68, 181.0)	(70, 212.0)	(72, 237.0)	(74, 232.0)	(76, 246.0)	(78, 278.0)	(80, 291.0)	(82, 297.0)	(84, 337.0)	(86, 297.0)	(88, 357.0)	(90, 378.0)	(92, 374.0)	(94, 380.0)	(96, 417.0)	(98, 451.0)	(100, 435.0)	(102, 478.0)	(104, 443.0)	(106, 504.0)	(108, 503.0)	(110, 503.0)	(112, 498.0)	(114, 583.0)	(116, 566.0)	(118, 540.0)	(120, 565.0)	(122, 625.0)	(124, 626.0)	(126, 635.0)	(128, 587.0)	(130, 619.0)	(132, 661.0)	(134, 639.0)	(136, 645.0)	(138, 697.0)	(140, 653.0)	(142, 695.0)	(144, 715.0)	(146, 1045.0)	(148, 6030.0)	(150, 73928.0)			
SRR8865582_R1	(60, 601.0)	(62, 630.0)	(64, 648.0)	(66, 690.0)	(68, 714.0)	(70, 812.0)	(72, 784.0)	(74, 847.0)	(76, 874.0)	(78, 878.0)	(80, 951.0)	(82, 966.0)	(84, 964.0)	(86, 1005.0)	(88, 1003.0)	(90, 978.0)	(92, 1020.0)	(94, 1012.0)	(96, 1024.0)	(98, 1097.0)	(100, 1082.0)	(102, 1063.0)	(104, 1065.0)	(106, 1044.0)	(108, 1100.0)	(110, 1064.0)	(112, 1039.0)	(114, 1063.0)	(116, 1061.0)	(118, 1025.0)	(120, 1047.0)	(122, 995.0)	(124, 1014.0)	(126, 1024.0)	(128, 1004.0)	(130, 992.0)	(132, 1008.0)	(134, 984.0)	(136, 1026.0)	(138, 932.0)	(140, 949.0)	(142, 883.0)	(144, 848.0)	(146, 1063.0)	(148, 4649.0)	(150, 53478.0)			
SRR8865582_R2	(60, 602.0)	(62, 630.0)	(64, 648.0)	(66, 691.0)	(68, 716.0)	(70, 814.0)	(72, 785.0)	(74, 850.0)	(76, 875.0)	(78, 879.0)	(80, 956.0)	(82, 971.0)	(84, 969.0)	(86, 1011.0)	(88, 1011.0)	(90, 991.0)	(92, 1033.0)	(94, 1027.0)	(96, 1041.0)	(98, 1117.0)	(100, 1101.0)	(102, 1088.0)	(104, 1089.0)	(106, 1072.0)	(108, 1129.0)	(110, 1096.0)	(112, 1079.0)	(114, 1104.0)	(116, 1101.0)	(118, 1070.0)	(120, 1070.0)	(122, 1042.0)	(124, 1062.0)	(126, 1068.0)	(128, 1041.0)	(130, 1031.0)	(132, 1063.0)	(134, 1011.0)	(136, 1060.0)	(138, 962.0)	(140, 973.0)	(142, 924.0)	(144, 942.0)	(146, 1183.0)	(148, 4180.0)	(150, 52842.0)			
SRR8865583_R1	(60, 587.0)	(62, 628.0)	(64, 655.0)	(66, 665.0)	(68, 726.0)	(70, 723.0)	(72, 751.0)	(74, 785.0)	(76, 773.0)	(78, 853.0)	(80, 865.0)	(82, 810.0)	(84, 841.0)	(86, 918.0)	(88, 904.0)	(90, 924.0)	(92, 909.0)	(94, 937.0)	(96, 954.0)	(98, 957.0)	(100, 944.0)	(102, 956.0)	(104, 925.0)	(106, 906.0)	(108, 875.0)	(110, 897.0)	(112, 972.0)	(114, 881.0)	(116, 961.0)	(118, 918.0)	(120, 947.0)	(122, 910.0)	(124, 902.0)	(126, 889.0)	(128, 893.0)	(130, 848.0)	(132, 868.0)	(134, 878.0)	(136, 781.0)	(138, 856.0)	(140, 870.0)	(142, 919.0)	(144, 767.0)	(146, 1064.0)	(148, 4953.0)	(150, 57255.0)			
SRR8865583_R2	(60, 589.0)	(62, 629.0)	(64, 656.0)	(66, 665.0)	(68, 726.0)	(70, 723.0)	(72, 752.0)	(74, 786.0)	(76, 776.0)	(78, 857.0)	(80, 866.0)	(82, 814.0)	(84, 851.0)	(86, 926.0)	(88, 916.0)	(90, 935.0)	(92, 922.0)	(94, 949.0)	(96, 961.0)	(98, 972.0)	(100, 952.0)	(102, 971.0)	(104, 945.0)	(106, 931.0)	(108, 900.0)	(110, 920.0)	(112, 1008.0)	(114, 913.0)	(116, 1002.0)	(118, 948.0)	(120, 976.0)	(122, 950.0)	(124, 918.0)	(126, 925.0)	(128, 937.0)	(130, 880.0)	(132, 911.0)	(134, 916.0)	(136, 813.0)	(138, 886.0)	(140, 898.0)	(142, 970.0)	(144, 849.0)	(146, 1134.0)	(148, 4407.0)	(150, 56869.0)			
SRR8865584_R1	(60, 275.0)	(62, 314.0)	(64, 325.0)	(66, 363.0)	(68, 401.0)	(70, 423.0)	(72, 409.0)	(74, 431.0)	(76, 448.0)	(78, 443.0)	(80, 548.0)	(82, 495.0)	(84, 531.0)	(86, 521.0)	(88, 546.0)	(90, 651.0)	(92, 637.0)	(94, 659.0)	(96, 624.0)	(98, 688.0)	(100, 728.0)	(102, 770.0)	(104, 752.0)	(106, 669.0)	(108, 774.0)	(110, 751.0)	(112, 777.0)	(114, 831.0)	(116, 831.0)	(118, 856.0)	(120, 865.0)	(122, 824.0)	(124, 873.0)	(126, 804.0)	(128, 851.0)	(130, 830.0)	(132, 824.0)	(134, 921.0)	(136, 837.0)	(138, 870.0)	(140, 906.0)	(142, 924.0)	(144, 867.0)	(146, 1138.0)	(148, 5513.0)	(150, 64682.0)			
SRR8865584_R2	(60, 275.0)	(62, 313.0)	(64, 326.0)	(66, 363.0)	(68, 402.0)	(70, 422.0)	(72, 409.0)	(74, 432.0)	(76, 448.0)	(78, 446.0)	(80, 552.0)	(82, 496.0)	(84, 535.0)	(86, 522.0)	(88, 549.0)	(90, 655.0)	(92, 641.0)	(94, 663.0)	(96, 636.0)	(98, 697.0)	(100, 736.0)	(102, 789.0)	(104, 768.0)	(106, 697.0)	(108, 786.0)	(110, 774.0)	(112, 804.0)	(114, 858.0)	(116, 853.0)	(118, 892.0)	(120, 899.0)	(122, 858.0)	(124, 909.0)	(126, 835.0)	(128, 876.0)	(130, 852.0)	(132, 869.0)	(134, 946.0)	(136, 862.0)	(138, 890.0)	(140, 934.0)	(142, 971.0)	(144, 926.0)	(146, 1169.0)	(148, 4831.0)	(150, 64634.0)			
SRR8865585_R1	(60, 368.0)	(62, 485.0)	(64, 623.0)	(66, 585.0)	(68, 513.0)	(70, 438.0)	(72, 589.0)	(74, 736.0)	(76, 711.0)	(78, 663.0)	(80, 564.0)	(82, 720.0)	(84, 884.0)	(86, 903.0)	(88, 836.0)	(90, 689.0)	(92, 775.0)	(94, 948.0)	(96, 1089.0)	(98, 919.0)	(100, 779.0)	(102, 807.0)	(104, 932.0)	(106, 1079.0)	(108, 1086.0)	(110, 888.0)	(112, 852.0)	(114, 997.0)	(116, 1099.0)	(118, 1018.0)	(120, 948.0)	(122, 828.0)	(124, 943.0)	(126, 1046.0)	(128, 1036.0)	(130, 964.0)	(132, 808.0)	(134, 906.0)	(136, 1063.0)	(138, 1002.0)	(140, 1000.0)	(142, 848.0)	(144, 763.0)	(146, 1104.0)	(148, 5088.0)	(150, 58078.0)			
SRR8865585_R2	(60, 368.0)	(62, 485.0)	(64, 624.0)	(66, 585.0)	(68, 512.0)	(70, 439.0)	(72, 589.0)	(74, 740.0)	(76, 711.0)	(78, 665.0)	(80, 566.0)	(82, 722.0)	(84, 891.0)	(86, 909.0)	(88, 836.0)	(90, 691.0)	(92, 784.0)	(94, 952.0)	(96, 1100.0)	(98, 927.0)	(100, 786.0)	(102, 820.0)	(104, 948.0)	(106, 1095.0)	(108, 1108.0)	(110, 907.0)	(112, 869.0)	(114, 1020.0)	(116, 1121.0)	(118, 1036.0)	(120, 970.0)	(122, 851.0)	(124, 970.0)	(126, 1077.0)	(128, 1067.0)	(130, 993.0)	(132, 837.0)	(134, 924.0)	(136, 1092.0)	(138, 1032.0)	(140, 1030.0)	(142, 889.0)	(144, 849.0)	(146, 1179.0)	(148, 4550.0)	(150, 57884.0)			
SRR8865586_R1	(60, 690.0)	(62, 756.0)	(64, 643.0)	(66, 770.0)	(68, 827.0)	(70, 801.0)	(72, 829.0)	(74, 837.0)	(76, 863.0)	(78, 933.0)	(80, 978.0)	(82, 972.0)	(84, 931.0)	(86, 940.0)	(88, 1011.0)	(90, 968.0)	(92, 963.0)	(94, 1047.0)	(96, 971.0)	(98, 994.0)	(100, 996.0)	(102, 1011.0)	(104, 1015.0)	(106, 998.0)	(108, 996.0)	(110, 1050.0)	(112, 1043.0)	(114, 1007.0)	(116, 961.0)	(118, 995.0)	(120, 979.0)	(122, 917.0)	(124, 950.0)	(126, 978.0)	(128, 908.0)	(130, 920.0)	(132, 909.0)	(134, 918.0)	(136, 939.0)	(138, 889.0)	(140, 843.0)	(142, 830.0)	(144, 850.0)	(146, 1022.0)	(148, 5289.0)	(150, 54063.0)			
SRR8865586_R2	(60, 691.0)	(62, 755.0)	(64, 643.0)	(66, 770.0)	(68, 826.0)	(70, 803.0)	(72, 828.0)	(74, 839.0)	(76, 862.0)	(78, 932.0)	(80, 979.0)	(82, 971.0)	(84, 934.0)	(86, 939.0)	(88, 1012.0)	(90, 968.0)	(92, 964.0)	(94, 1050.0)	(96, 971.0)	(98, 996.0)	(100, 996.0)	(102, 1012.0)	(104, 1018.0)	(106, 999.0)	(108, 996.0)	(110, 1050.0)	(112, 1043.0)	(114, 1008.0)	(116, 962.0)	(118, 994.0)	(120, 980.0)	(122, 918.0)	(124, 951.0)	(126, 978.0)	(128, 909.0)	(130, 921.0)	(132, 913.0)	(134, 920.0)	(136, 941.0)	(138, 892.0)	(140, 841.0)	(142, 838.0)	(144, 865.0)	(146, 1066.0)	(148, 5327.0)	(150, 53929.0)			
SRR8865587_R1	(60, 311.0)	(62, 354.0)	(64, 361.0)	(66, 414.0)	(68, 425.0)	(70, 473.0)	(72, 474.0)	(74, 501.0)	(76, 544.0)	(78, 569.0)	(80, 632.0)	(82, 632.0)	(84, 673.0)	(86, 680.0)	(88, 666.0)	(90, 706.0)	(92, 794.0)	(94, 746.0)	(96, 843.0)	(98, 848.0)	(100, 860.0)	(102, 855.0)	(104, 878.0)	(106, 872.0)	(108, 896.0)	(110, 896.0)	(112, 838.0)	(114, 964.0)	(116, 928.0)	(118, 923.0)	(120, 946.0)	(122, 961.0)	(124, 910.0)	(126, 934.0)	(128, 921.0)	(130, 934.0)	(132, 942.0)	(134, 911.0)	(136, 922.0)	(138, 932.0)	(140, 843.0)	(142, 933.0)	(144, 932.0)	(146, 1188.0)	(148, 5497.0)	(150, 60738.0)			
SRR8865587_R2	(60, 311.0)	(62, 354.0)	(64, 362.0)	(66, 413.0)	(68, 425.0)	(70, 473.0)	(72, 473.0)	(74, 501.0)	(76, 545.0)	(78, 570.0)	(80, 632.0)	(82, 634.0)	(84, 673.0)	(86, 681.0)	(88, 666.0)	(90, 706.0)	(92, 795.0)	(94, 745.0)	(96, 847.0)	(98, 847.0)	(100, 860.0)	(102, 856.0)	(104, 879.0)	(106, 873.0)	(108, 895.0)	(110, 898.0)	(112, 839.0)	(114, 964.0)	(116, 932.0)	(118, 921.0)	(120, 946.0)	(122, 960.0)	(124, 913.0)	(126, 939.0)	(128, 921.0)	(130, 936.0)	(132, 943.0)	(134, 910.0)	(136, 922.0)	(138, 932.0)	(140, 842.0)	(142, 935.0)	(144, 948.0)	(146, 1165.0)	(148, 5500.0)	(150, 60718.0)			
SRR8865588_R1	(60, 129.0)	(62, 163.0)	(64, 171.0)	(66, 170.0)	(68, 227.0)	(70, 225.0)	(72, 252.0)	(74, 252.0)	(76, 281.0)	(78, 309.0)	(80, 300.0)	(82, 307.0)	(84, 337.0)	(86, 364.0)	(88, 335.0)	(90, 363.0)	(92, 393.0)	(94, 421.0)	(96, 424.0)	(98, 468.0)	(100, 477.0)	(102, 500.0)	(104, 498.0)	(106, 519.0)	(108, 550.0)	(110, 552.0)	(112, 571.0)	(114, 573.0)	(116, 640.0)	(118, 633.0)	(120, 650.0)	(122, 640.0)	(124, 649.0)	(126, 669.0)	(128, 657.0)	(130, 658.0)	(132, 671.0)	(134, 728.0)	(136, 704.0)	(138, 714.0)	(140, 735.0)	(142, 775.0)	(144, 754.0)	(146, 1082.0)	(148, 6339.0)	(150, 72171.0)			
SRR8865588_R2	(60, 129.0)	(62, 163.0)	(64, 171.0)	(66, 170.0)	(68, 227.0)	(70, 225.0)	(72, 252.0)	(74, 252.0)	(76, 281.0)	(78, 309.0)	(80, 300.0)	(82, 307.0)	(84, 337.0)	(86, 364.0)	(88, 335.0)	(90, 363.0)	(92, 394.0)	(94, 420.0)	(96, 425.0)	(98, 468.0)	(100, 478.0)	(102, 500.0)	(104, 500.0)	(106, 521.0)	(108, 551.0)	(110, 552.0)	(112, 573.0)	(114, 574.0)	(116, 643.0)	(118, 633.0)	(120, 651.0)	(122, 640.0)	(124, 650.0)	(126, 670.0)	(128, 658.0)	(130, 660.0)	(132, 672.0)	(134, 734.0)	(136, 709.0)	(138, 717.0)	(140, 737.0)	(142, 783.0)	(144, 787.0)	(146, 1103.0)	(148, 6158.0)	(150, 72254.0)			
SRR8865589_R1	(56, 1.0)	(58, 0.0)	(60, 365.0)	(62, 408.0)	(64, 438.0)	(66, 436.0)	(68, 565.0)	(70, 524.0)	(72, 538.0)	(74, 615.0)	(76, 586.0)	(78, 652.0)	(80, 706.0)	(82, 688.0)	(84, 727.0)	(86, 789.0)	(88, 728.0)	(90, 791.0)	(92, 789.0)	(94, 802.0)	(96, 827.0)	(98, 832.0)	(100, 830.0)	(102, 850.0)	(104, 864.0)	(106, 845.0)	(108, 868.0)	(110, 932.0)	(112, 887.0)	(114, 930.0)	(116, 894.0)	(118, 881.0)	(120, 827.0)	(122, 890.0)	(124, 923.0)	(126, 900.0)	(128, 826.0)	(130, 901.0)	(132, 871.0)	(134, 797.0)	(136, 873.0)	(138, 883.0)	(140, 833.0)	(142, 859.0)	(144, 796.0)	(146, 1104.0)	(148, 5364.0)	(150, 60765.0)	
SRR8865589_R2	(56, 1.0)	(58, 0.0)	(60, 365.0)	(62, 411.0)	(64, 438.0)	(66, 438.0)	(68, 563.0)	(70, 525.0)	(72, 541.0)	(74, 616.0)	(76, 588.0)	(78, 652.0)	(80, 707.0)	(82, 690.0)	(84, 730.0)	(86, 791.0)	(88, 733.0)	(90, 796.0)	(92, 793.0)	(94, 807.0)	(96, 835.0)	(98, 839.0)	(100, 838.0)	(102, 864.0)	(104, 878.0)	(106, 863.0)	(108, 881.0)	(110, 953.0)	(112, 910.0)	(114, 948.0)	(116, 909.0)	(118, 897.0)	(120, 847.0)	(122, 901.0)	(124, 951.0)	(126, 928.0)	(128, 854.0)	(130, 921.0)	(132, 899.0)	(134, 831.0)	(136, 890.0)	(138, 899.0)	(140, 842.0)	(142, 895.0)	(144, 881.0)	(146, 1142.0)	(148, 4913.0)	(150, 60606.0)	
SRR8865590_R1	(60, 322.0)	(62, 346.0)	(64, 357.0)	(66, 396.0)	(68, 402.0)	(70, 443.0)	(72, 466.0)	(74, 408.0)	(76, 506.0)	(78, 523.0)	(80, 573.0)	(82, 582.0)	(84, 533.0)	(86, 558.0)	(88, 584.0)	(90, 654.0)	(92, 641.0)	(94, 657.0)	(96, 671.0)	(98, 678.0)	(100, 722.0)	(102, 738.0)	(104, 709.0)	(106, 723.0)	(108, 752.0)	(110, 723.0)	(112, 784.0)	(114, 823.0)	(116, 727.0)	(118, 806.0)	(120, 817.0)	(122, 761.0)	(124, 785.0)	(126, 795.0)	(128, 770.0)	(130, 811.0)	(132, 786.0)	(134, 787.0)	(136, 765.0)	(138, 815.0)	(140, 813.0)	(142, 800.0)	(144, 776.0)	(146, 1039.0)	(148, 5966.0)	(150, 64907.0)			
SRR8865590_R2	(60, 322.0)	(62, 347.0)	(64, 356.0)	(66, 396.0)	(68, 403.0)	(70, 443.0)	(72, 466.0)	(74, 409.0)	(76, 506.0)	(78, 522.0)	(80, 575.0)	(82, 582.0)	(84, 533.0)	(86, 558.0)	(88, 584.0)	(90, 654.0)	(92, 641.0)	(94, 658.0)	(96, 671.0)	(98, 678.0)	(100, 721.0)	(102, 741.0)	(104, 709.0)	(106, 723.0)	(108, 753.0)	(110, 723.0)	(112, 784.0)	(114, 822.0)	(116, 726.0)	(118, 808.0)	(120, 818.0)	(122, 764.0)	(124, 787.0)	(126, 800.0)	(128, 770.0)	(130, 812.0)	(132, 792.0)	(134, 791.0)	(136, 765.0)	(138, 817.0)	(140, 814.0)	(142, 804.0)	(144, 802.0)	(146, 1086.0)	(148, 5737.0)	(150, 65027.0)			
SRR8865591_R1	(60, 508.0)	(62, 548.0)	(64, 556.0)	(66, 563.0)	(68, 625.0)	(70, 676.0)	(72, 621.0)	(74, 682.0)	(76, 689.0)	(78, 779.0)	(80, 705.0)	(82, 753.0)	(84, 769.0)	(86, 766.0)	(88, 741.0)	(90, 840.0)	(92, 781.0)	(94, 782.0)	(96, 820.0)	(98, 877.0)	(100, 888.0)	(102, 875.0)	(104, 812.0)	(106, 829.0)	(108, 826.0)	(110, 818.0)	(112, 843.0)	(114, 877.0)	(116, 865.0)	(118, 848.0)	(120, 842.0)	(122, 880.0)	(124, 865.0)	(126, 805.0)	(128, 832.0)	(130, 845.0)	(132, 818.0)	(134, 853.0)	(136, 854.0)	(138, 792.0)	(140, 837.0)	(142, 790.0)	(144, 808.0)	(146, 1071.0)	(148, 5061.0)	(150, 60484.0)			
SRR8865591_R2	(60, 510.0)	(62, 547.0)	(64, 557.0)	(66, 564.0)	(68, 625.0)	(70, 677.0)	(72, 623.0)	(74, 685.0)	(76, 688.0)	(78, 779.0)	(80, 706.0)	(82, 754.0)	(84, 772.0)	(86, 770.0)	(88, 746.0)	(90, 842.0)	(92, 785.0)	(94, 794.0)	(96, 823.0)	(98, 886.0)	(100, 898.0)	(102, 888.0)	(104, 823.0)	(106, 839.0)	(108, 843.0)	(110, 835.0)	(112, 858.0)	(114, 899.0)	(116, 893.0)	(118, 866.0)	(120, 860.0)	(122, 901.0)	(124, 875.0)	(126, 834.0)	(128, 841.0)	(130, 868.0)	(132, 853.0)	(134, 874.0)	(136, 879.0)	(138, 810.0)	(140, 855.0)	(142, 837.0)	(144, 901.0)	(146, 1105.0)	(148, 4676.0)	(150, 60255.0)			
SRR8865592_R1	(56, 1.0)	(58, 0.0)	(60, 169.0)	(62, 146.0)	(64, 167.0)	(66, 193.0)	(68, 195.0)	(70, 214.0)	(72, 216.0)	(74, 222.0)	(76, 252.0)	(78, 267.0)	(80, 287.0)	(82, 261.0)	(84, 342.0)	(86, 302.0)	(88, 326.0)	(90, 364.0)	(92, 372.0)	(94, 363.0)	(96, 376.0)	(98, 394.0)	(100, 455.0)	(102, 406.0)	(104, 489.0)	(106, 465.0)	(108, 506.0)	(110, 591.0)	(112, 564.0)	(114, 553.0)	(116, 520.0)	(118, 555.0)	(120, 593.0)	(122, 635.0)	(124, 620.0)	(126, 625.0)	(128, 694.0)	(130, 720.0)	(132, 718.0)	(134, 745.0)	(136, 696.0)	(138, 789.0)	(140, 746.0)	(142, 791.0)	(144, 743.0)	(146, 1108.0)	(148, 5969.0)	(150, 73266.0)	
SRR8865592_R2	(56, 1.0)	(58, 0.0)	(60, 169.0)	(62, 146.0)	(64, 167.0)	(66, 193.0)	(68, 195.0)	(70, 215.0)	(72, 216.0)	(74, 225.0)	(76, 251.0)	(78, 266.0)	(80, 290.0)	(82, 262.0)	(84, 344.0)	(86, 303.0)	(88, 328.0)	(90, 366.0)	(92, 374.0)	(94, 370.0)	(96, 376.0)	(98, 401.0)	(100, 469.0)	(102, 413.0)	(104, 492.0)	(106, 485.0)	(108, 518.0)	(110, 603.0)	(112, 586.0)	(114, 566.0)	(116, 543.0)	(118, 573.0)	(120, 611.0)	(122, 658.0)	(124, 635.0)	(126, 647.0)	(128, 720.0)	(130, 742.0)	(132, 750.0)	(134, 768.0)	(136, 720.0)	(138, 819.0)	(140, 763.0)	(142, 841.0)	(144, 837.0)	(146, 1146.0)	(148, 5277.0)	(150, 73351.0)	
SRR8865593_R1	(60, 239.0)	(62, 248.0)	(64, 285.0)	(66, 324.0)	(68, 316.0)	(70, 328.0)	(72, 352.0)	(74, 359.0)	(76, 360.0)	(78, 364.0)	(80, 434.0)	(82, 443.0)	(84, 447.0)	(86, 492.0)	(88, 506.0)	(90, 524.0)	(92, 561.0)	(94, 559.0)	(96, 573.0)	(98, 600.0)	(100, 629.0)	(102, 666.0)	(104, 640.0)	(106, 675.0)	(108, 670.0)	(110, 734.0)	(112, 721.0)	(114, 735.0)	(116, 746.0)	(118, 735.0)	(120, 765.0)	(122, 765.0)	(124, 783.0)	(126, 737.0)	(128, 811.0)	(130, 805.0)	(132, 799.0)	(134, 776.0)	(136, 762.0)	(138, 843.0)	(140, 810.0)	(142, 780.0)	(144, 852.0)	(146, 1167.0)	(148, 5968.0)	(150, 67311.0)			
SRR8865593_R2	(60, 240.0)	(62, 247.0)	(64, 285.0)	(66, 324.0)	(68, 316.0)	(70, 328.0)	(72, 352.0)	(74, 359.0)	(76, 360.0)	(78, 365.0)	(80, 435.0)	(82, 442.0)	(84, 447.0)	(86, 493.0)	(88, 505.0)	(90, 526.0)	(92, 563.0)	(94, 556.0)	(96, 573.0)	(98, 601.0)	(100, 628.0)	(102, 667.0)	(104, 639.0)	(106, 677.0)	(108, 670.0)	(110, 734.0)	(112, 720.0)	(114, 736.0)	(116, 746.0)	(118, 737.0)	(120, 765.0)	(122, 765.0)	(124, 785.0)	(126, 738.0)	(128, 811.0)	(130, 808.0)	(132, 802.0)	(134, 782.0)	(136, 764.0)	(138, 843.0)	(140, 810.0)	(142, 787.0)	(144, 870.0)	(146, 1180.0)	(148, 5729.0)	(150, 67489.0)			
SRR8865594_R1	(60, 124.0)	(62, 141.0)	(64, 145.0)	(66, 175.0)	(68, 193.0)	(70, 192.0)	(72, 217.0)	(74, 230.0)	(76, 276.0)	(78, 252.0)	(80, 280.0)	(82, 284.0)	(84, 276.0)	(86, 336.0)	(88, 374.0)	(90, 338.0)	(92, 338.0)	(94, 404.0)	(96, 375.0)	(98, 422.0)	(100, 408.0)	(102, 478.0)	(104, 511.0)	(106, 525.0)	(108, 487.0)	(110, 532.0)	(112, 548.0)	(114, 558.0)	(116, 584.0)	(118, 550.0)	(120, 587.0)	(122, 594.0)	(124, 636.0)	(126, 659.0)	(128, 654.0)	(130, 643.0)	(132, 670.0)	(134, 684.0)	(136, 682.0)	(138, 662.0)	(140, 666.0)	(142, 741.0)	(144, 682.0)	(146, 1090.0)	(148, 6467.0)	(150, 73330.0)			
SRR8865594_R2	(60, 124.0)	(62, 141.0)	(64, 145.0)	(66, 175.0)	(68, 193.0)	(70, 192.0)	(72, 217.0)	(74, 230.0)	(76, 276.0)	(78, 252.0)	(80, 281.0)	(82, 283.0)	(84, 277.0)	(86, 336.0)	(88, 374.0)	(90, 338.0)	(92, 338.0)	(94, 404.0)	(96, 375.0)	(98, 422.0)	(100, 408.0)	(102, 478.0)	(104, 511.0)	(106, 525.0)	(108, 489.0)	(110, 534.0)	(112, 548.0)	(114, 559.0)	(116, 586.0)	(118, 551.0)	(120, 587.0)	(122, 595.0)	(124, 638.0)	(126, 661.0)	(128, 654.0)	(130, 647.0)	(132, 674.0)	(134, 688.0)	(136, 683.0)	(138, 662.0)	(140, 670.0)	(142, 752.0)	(144, 714.0)	(146, 1098.0)	(148, 6112.0)	(150, 73603.0)			
SRR8865595_R1	(60, 126.0)	(62, 125.0)	(64, 157.0)	(66, 158.0)	(68, 169.0)	(70, 193.0)	(72, 175.0)	(74, 169.0)	(76, 215.0)	(78, 217.0)	(80, 239.0)	(82, 250.0)	(84, 266.0)	(86, 261.0)	(88, 303.0)	(90, 290.0)	(92, 347.0)	(94, 313.0)	(96, 343.0)	(98, 318.0)	(100, 424.0)	(102, 431.0)	(104, 433.0)	(106, 408.0)	(108, 432.0)	(110, 455.0)	(112, 478.0)	(114, 503.0)	(116, 539.0)	(118, 526.0)	(120, 524.0)	(122, 514.0)	(124, 558.0)	(126, 547.0)	(128, 564.0)	(130, 595.0)	(132, 590.0)	(134, 649.0)	(136, 581.0)	(138, 624.0)	(140, 623.0)	(142, 678.0)	(144, 665.0)	(146, 1031.0)	(148, 6427.0)	(150, 75567.0)			
SRR8865595_R2	(60, 126.0)	(62, 125.0)	(64, 157.0)	(66, 157.0)	(68, 170.0)	(70, 193.0)	(72, 175.0)	(74, 169.0)	(76, 215.0)	(78, 217.0)	(80, 239.0)	(82, 250.0)	(84, 266.0)	(86, 261.0)	(88, 305.0)	(90, 288.0)	(92, 347.0)	(94, 313.0)	(96, 343.0)	(98, 318.0)	(100, 424.0)	(102, 432.0)	(104, 433.0)	(106, 408.0)	(108, 434.0)	(110, 454.0)	(112, 479.0)	(114, 504.0)	(116, 539.0)	(118, 527.0)	(120, 524.0)	(122, 517.0)	(124, 558.0)	(126, 547.0)	(128, 566.0)	(130, 597.0)	(132, 592.0)	(134, 652.0)	(136, 583.0)	(138, 625.0)	(140, 622.0)	(142, 683.0)	(144, 686.0)	(146, 1021.0)	(148, 6149.0)	(150, 75810.0)			
SRR8865596_R1	(60, 169.0)	(62, 199.0)	(64, 204.0)	(66, 217.0)	(68, 232.0)	(70, 285.0)	(72, 264.0)	(74, 291.0)	(76, 315.0)	(78, 302.0)	(80, 343.0)	(82, 363.0)	(84, 367.0)	(86, 385.0)	(88, 413.0)	(90, 436.0)	(92, 440.0)	(94, 451.0)	(96, 482.0)	(98, 500.0)	(100, 555.0)	(102, 529.0)	(104, 562.0)	(106, 564.0)	(108, 581.0)	(110, 570.0)	(112, 610.0)	(114, 591.0)	(116, 634.0)	(118, 605.0)	(120, 655.0)	(122, 674.0)	(124, 668.0)	(126, 692.0)	(128, 702.0)	(130, 729.0)	(132, 719.0)	(134, 726.0)	(136, 706.0)	(138, 708.0)	(140, 725.0)	(142, 749.0)	(144, 749.0)	(146, 1053.0)	(148, 5907.0)	(150, 71379.0)			
SRR8865596_R2	(60, 169.0)	(62, 199.0)	(64, 204.0)	(66, 217.0)	(68, 232.0)	(70, 285.0)	(72, 264.0)	(74, 291.0)	(76, 315.0)	(78, 303.0)	(80, 342.0)	(82, 364.0)	(84, 366.0)	(86, 386.0)	(88, 412.0)	(90, 435.0)	(92, 442.0)	(94, 451.0)	(96, 482.0)	(98, 500.0)	(100, 555.0)	(102, 531.0)	(104, 563.0)	(106, 565.0)	(108, 584.0)	(110, 570.0)	(112, 610.0)	(114, 592.0)	(116, 634.0)	(118, 607.0)	(120, 655.0)	(122, 674.0)	(124, 668.0)	(126, 693.0)	(128, 702.0)	(130, 730.0)	(132, 722.0)	(134, 730.0)	(136, 708.0)	(138, 708.0)	(140, 725.0)	(142, 755.0)	(144, 765.0)	(146, 1039.0)	(148, 5938.0)	(150, 71318.0)			
SRR8865597_R1	(60, 290.0)	(62, 321.0)	(64, 317.0)	(66, 366.0)	(68, 354.0)	(70, 405.0)	(72, 414.0)	(74, 416.0)	(76, 410.0)	(78, 488.0)	(80, 500.0)	(82, 507.0)	(84, 537.0)	(86, 516.0)	(88, 567.0)	(90, 593.0)	(92, 631.0)	(94, 632.0)	(96, 652.0)	(98, 675.0)	(100, 641.0)	(102, 713.0)	(104, 686.0)	(106, 731.0)	(108, 752.0)	(110, 779.0)	(112, 780.0)	(114, 768.0)	(116, 762.0)	(118, 864.0)	(120, 828.0)	(122, 819.0)	(124, 836.0)	(126, 860.0)	(128, 896.0)	(130, 833.0)	(132, 794.0)	(134, 911.0)	(136, 809.0)	(138, 896.0)	(140, 819.0)	(142, 782.0)	(144, 805.0)	(146, 1110.0)	(148, 5497.0)	(150, 65437.0)			
SRR8865597_R2	(60, 291.0)	(62, 320.0)	(64, 317.0)	(66, 366.0)	(68, 355.0)	(70, 406.0)	(72, 412.0)	(74, 416.0)	(76, 412.0)	(78, 492.0)	(80, 500.0)	(82, 510.0)	(84, 536.0)	(86, 520.0)	(88, 569.0)	(90, 599.0)	(92, 636.0)	(94, 636.0)	(96, 656.0)	(98, 679.0)	(100, 651.0)	(102, 719.0)	(104, 697.0)	(106, 737.0)	(108, 770.0)	(110, 799.0)	(112, 794.0)	(114, 786.0)	(116, 785.0)	(118, 887.0)	(120, 846.0)	(122, 844.0)	(124, 858.0)	(126, 876.0)	(128, 924.0)	(130, 858.0)	(132, 835.0)	(134, 932.0)	(136, 840.0)	(138, 915.0)	(140, 841.0)	(142, 819.0)	(144, 884.0)	(146, 1147.0)	(148, 4923.0)	(150, 65404.0)			
SRR8865598_R1	(60, 437.0)	(62, 397.0)	(64, 457.0)	(66, 502.0)	(68, 521.0)	(70, 551.0)	(72, 547.0)	(74, 588.0)	(76, 617.0)	(78, 694.0)	(80, 706.0)	(82, 695.0)	(84, 689.0)	(86, 731.0)	(88, 747.0)	(90, 792.0)	(92, 830.0)	(94, 850.0)	(96, 788.0)	(98, 861.0)	(100, 870.0)	(102, 845.0)	(104, 875.0)	(106, 830.0)	(108, 877.0)	(110, 950.0)	(112, 922.0)	(114, 937.0)	(116, 835.0)	(118, 930.0)	(120, 971.0)	(122, 935.0)	(124, 924.0)	(126, 910.0)	(128, 954.0)	(130, 948.0)	(132, 920.0)	(134, 904.0)	(136, 871.0)	(138, 878.0)	(140, 881.0)	(142, 886.0)	(144, 844.0)	(146, 1111.0)	(148, 5070.0)	(150, 60117.0)			
SRR8865598_R2	(60, 437.0)	(62, 398.0)	(64, 457.0)	(66, 501.0)	(68, 522.0)	(70, 551.0)	(72, 548.0)	(74, 592.0)	(76, 618.0)	(78, 694.0)	(80, 709.0)	(82, 696.0)	(84, 693.0)	(86, 734.0)	(88, 750.0)	(90, 798.0)	(92, 837.0)	(94, 856.0)	(96, 801.0)	(98, 869.0)	(100, 886.0)	(102, 863.0)	(104, 885.0)	(106, 849.0)	(108, 890.0)	(110, 974.0)	(112, 950.0)	(114, 964.0)	(116, 850.0)	(118, 946.0)	(120, 1010.0)	(122, 957.0)	(124, 943.0)	(126, 953.0)	(128, 971.0)	(130, 994.0)	(132, 966.0)	(134, 936.0)	(136, 910.0)	(138, 896.0)	(140, 908.0)	(142, 953.0)	(144, 938.0)	(146, 1170.0)	(148, 4621.0)	(150, 59751.0)			
SRR8865599_R1	(60, 204.0)	(62, 185.0)	(64, 194.0)	(66, 203.0)	(68, 228.0)	(70, 265.0)	(72, 278.0)	(74, 311.0)	(76, 352.0)	(78, 347.0)	(80, 360.0)	(82, 355.0)	(84, 387.0)	(86, 402.0)	(88, 462.0)	(90, 418.0)	(92, 449.0)	(94, 434.0)	(96, 491.0)	(98, 553.0)	(100, 521.0)	(102, 596.0)	(104, 560.0)	(106, 584.0)	(108, 596.0)	(110, 628.0)	(112, 608.0)	(114, 676.0)	(116, 611.0)	(118, 671.0)	(120, 712.0)	(122, 703.0)	(124, 726.0)	(126, 634.0)	(128, 663.0)	(130, 705.0)	(132, 740.0)	(134, 721.0)	(136, 741.0)	(138, 699.0)	(140, 725.0)	(142, 735.0)	(144, 772.0)	(146, 1086.0)	(148, 6022.0)	(150, 70687.0)			
SRR8865599_R2	(60, 204.0)	(62, 185.0)	(64, 194.0)	(66, 203.0)	(68, 229.0)	(70, 265.0)	(72, 277.0)	(74, 311.0)	(76, 352.0)	(78, 347.0)	(80, 360.0)	(82, 357.0)	(84, 385.0)	(86, 402.0)	(88, 463.0)	(90, 417.0)	(92, 449.0)	(94, 434.0)	(96, 492.0)	(98, 555.0)	(100, 521.0)	(102, 596.0)	(104, 561.0)	(106, 586.0)	(108, 594.0)	(110, 629.0)	(112, 607.0)	(114, 677.0)	(116, 614.0)	(118, 674.0)	(120, 713.0)	(122, 703.0)	(124, 726.0)	(126, 636.0)	(128, 666.0)	(130, 707.0)	(132, 743.0)	(134, 724.0)	(136, 744.0)	(138, 701.0)	(140, 725.0)	(142, 746.0)	(144, 791.0)	(146, 1092.0)	(148, 6009.0)	(150, 70634.0)			
SRR8865600_R1	(60, 127.0)	(62, 128.0)	(64, 147.0)	(66, 182.0)	(68, 155.0)	(70, 170.0)	(72, 200.0)	(74, 192.0)	(76, 201.0)	(78, 230.0)	(80, 280.0)	(82, 275.0)	(84, 261.0)	(86, 264.0)	(88, 296.0)	(90, 343.0)	(92, 298.0)	(94, 332.0)	(96, 375.0)	(98, 372.0)	(100, 416.0)	(102, 433.0)	(104, 426.0)	(106, 440.0)	(108, 439.0)	(110, 463.0)	(112, 496.0)	(114, 488.0)	(116, 502.0)	(118, 540.0)	(120, 582.0)	(122, 552.0)	(124, 579.0)	(126, 583.0)	(128, 556.0)	(130, 626.0)	(132, 605.0)	(134, 593.0)	(136, 618.0)	(138, 623.0)	(140, 614.0)	(142, 647.0)	(144, 624.0)	(146, 1009.0)	(148, 6745.0)	(150, 74973.0)			
SRR8865600_R2	(60, 127.0)	(62, 128.0)	(64, 147.0)	(66, 182.0)	(68, 155.0)	(70, 170.0)	(72, 200.0)	(74, 192.0)	(76, 201.0)	(78, 230.0)	(80, 280.0)	(82, 275.0)	(84, 262.0)	(86, 263.0)	(88, 298.0)	(90, 342.0)	(92, 298.0)	(94, 332.0)	(96, 375.0)	(98, 373.0)	(100, 416.0)	(102, 432.0)	(104, 427.0)	(106, 440.0)	(108, 439.0)	(110, 466.0)	(112, 496.0)	(114, 488.0)	(116, 503.0)	(118, 542.0)	(120, 583.0)	(122, 558.0)	(124, 581.0)	(126, 584.0)	(128, 558.0)	(130, 629.0)	(132, 610.0)	(134, 595.0)	(136, 622.0)	(138, 625.0)	(140, 619.0)	(142, 654.0)	(144, 657.0)	(146, 1023.0)	(148, 6438.0)	(150, 75185.0)			
SRR8865601_R1	(60, 181.0)	(62, 146.0)	(64, 202.0)	(66, 196.0)	(68, 227.0)	(70, 263.0)	(72, 248.0)	(74, 268.0)	(76, 275.0)	(78, 298.0)	(80, 306.0)	(82, 345.0)	(84, 363.0)	(86, 384.0)	(88, 410.0)	(90, 442.0)	(92, 445.0)	(94, 461.0)	(96, 429.0)	(98, 473.0)	(100, 523.0)	(102, 565.0)	(104, 506.0)	(106, 566.0)	(108, 603.0)	(110, 607.0)	(112, 599.0)	(114, 605.0)	(116, 623.0)	(118, 665.0)	(120, 657.0)	(122, 658.0)	(124, 666.0)	(126, 727.0)	(128, 723.0)	(130, 686.0)	(132, 728.0)	(134, 709.0)	(136, 680.0)	(138, 705.0)	(140, 758.0)	(142, 775.0)	(144, 816.0)	(146, 1132.0)	(148, 6382.0)	(150, 70973.0)			
SRR8865601_R2	(60, 181.0)	(62, 146.0)	(64, 203.0)	(66, 196.0)	(68, 227.0)	(70, 263.0)	(72, 248.0)	(74, 268.0)	(76, 276.0)	(78, 298.0)	(80, 308.0)	(82, 345.0)	(84, 363.0)	(86, 384.0)	(88, 411.0)	(90, 442.0)	(92, 446.0)	(94, 460.0)	(96, 429.0)	(98, 474.0)	(100, 521.0)	(102, 565.0)	(104, 506.0)	(106, 566.0)	(108, 604.0)	(110, 607.0)	(112, 600.0)	(114, 612.0)	(116, 625.0)	(118, 668.0)	(120, 659.0)	(122, 659.0)	(124, 669.0)	(126, 729.0)	(128, 724.0)	(130, 689.0)	(132, 734.0)	(134, 718.0)	(136, 684.0)	(138, 705.0)	(140, 763.0)	(142, 789.0)	(144, 840.0)	(146, 1168.0)	(148, 6188.0)	(150, 71039.0)			
