Sample	0	1	2	3	4	5	6	7	8	9	10	11	12	13	14	15
SRR5898908_R1	(1.0, 98.00642019039185)	(2.0, 1.9304848350675228)	(3.0, 0.02324551693601948)	(4.0, 0.004427717511622758)	(5.0, 0.0)	(6.0, 0.0)	(7.0, 0.0)	(8.0, 0.0)	(9.0, 0.0)	('>10', 0.03542174009298207)	('>50', 0.0)	('>100', 0.0)	('>500', 0.0)	('>1k', 0.0)	('>5k', 0.0)	('>10k+', 0.0)
SRR5898908_R2	(1.0, 98.1137923400487)	(2.0, 1.815364179765331)	(3.0, 0.019924728802302415)	(4.0, 0.008855435023245517)	(5.0, 0.0)	(6.0, 0.0)	(7.0, 0.0)	(8.0, 0.0)	(9.0, 0.0)	('>10', 0.04206331636041621)	('>50', 0.0)	('>100', 0.0)	('>500', 0.0)	('>1k', 0.0)	('>5k', 0.0)	('>10k+', 0.0)
SRR5898909_R1	(1.0, 97.57304664577774)	(2.0, 2.3051628118114684)	(3.0, 0.06643120495133914)	(4.0, 0.0044287469967559424)	(5.0, 0.0)	(6.0, 0.0)	(7.0, 0.0)	(8.0, 0.0)	(9.0, 0.0)	('>10', 0.05093059046269334)	('>50', 0.0)	('>100', 0.0)	('>500', 0.0)	('>1k', 0.0)	('>5k', 0.0)	('>10k+', 0.0)
SRR5898909_R2	(1.0, 97.70148030868367)	(2.0, 2.178943522403924)	(3.0, 0.05978808445620523)	(4.0, 0.0044287469967559424)	(5.0, 0.005535933745944928)	(6.0, 0.0066431204951339145)	(7.0, 0.0)	(8.0, 0.0)	(9.0, 0.0)	('>10', 0.04318028321837045)	('>50', 0.0)	('>100', 0.0)	('>500', 0.0)	('>1k', 0.0)	('>5k', 0.0)	('>10k+', 0.0)
SRR5898910_R1	(1.0, 98.24545925738043)	(2.0, 1.6894760639177757)	(3.0, 0.056242349386296714)	(4.0, 0.008822329315497524)	(5.0, 0.0)	(6.0, 0.0)	(7.0, 0.0)	(8.0, 0.0)	(9.0, 0.0)	('>10', 0.0)	('>50', 0.0)	('>100', 0.0)	('>500', 0.0)	('>1k', 0.0)	('>5k', 0.0)	('>10k+', 0.0)
SRR5898910_R2	(1.0, 98.15282479956771)	(2.0, 1.7578491161128817)	(3.0, 0.06616746986623143)	(4.0, 0.01764465863099505)	(5.0, 0.005513955822185952)	(6.0, 0.0)	(7.0, 0.0)	(8.0, 0.0)	(9.0, 0.0)	('>10', 0.0)	('>50', 0.0)	('>100', 0.0)	('>500', 0.0)	('>1k', 0.0)	('>5k', 0.0)	('>10k+', 0.0)
SRR5898911_R1	(1.0, 96.86903652420894)	(2.0, 2.9290374117960325)	(3.0, 0.13313806417254692)	(4.0, 0.022189677362091154)	(5.0, 0.0)	(6.0, 0.006656903208627347)	(7.0, 0.0)	(8.0, 0.0)	(9.0, 0.0)	('>10', 0.03994141925176408)	('>50', 0.0)	('>100', 0.0)	('>500', 0.0)	('>1k', 0.0)	('>5k', 0.0)	('>10k+', 0.0)
SRR5898911_R2	(1.0, 97.12643678160919)	(2.0, 2.6960457994940756)	(3.0, 0.11649580615097856)	(4.0, 0.008875870944836462)	(5.0, 0.005547419340522788)	(6.0, 0.006656903208627347)	(7.0, 0.0)	(8.0, 0.0)	(9.0, 0.0)	('>10', 0.03994141925176408)	('>50', 0.0)	('>100', 0.0)	('>500', 0.0)	('>1k', 0.0)	('>5k', 0.0)	('>10k+', 0.0)
SRR5898912_R1	(1.0, 97.15167129225225)	(2.0, 2.658145269186966)	(3.0, 0.15590619091321223)	(4.0, 0.01769148265681841)	(5.0, 0.016585764990767256)	(6.0, 0.0)	(7.0, 0.0)	(8.0, 0.0)	(9.0, 0.0)	('>10', 0.0)	('>50', 0.0)	('>100', 0.0)	('>500', 0.0)	('>1k', 0.0)	('>5k', 0.0)	('>10k+', 0.0)
SRR5898912_R2	(1.0, 97.2998374595031)	(2.0, 2.5365163259213395)	(3.0, 0.1094660489390639)	(4.0, 0.030960094649432213)	(5.0, 0.0055285883302557525)	(6.0, 0.0)	(7.0, 0.007740023662358053)	(8.0, 0.0)	(9.0, 0.009951458994460354)	('>10', 0.0)	('>50', 0.0)	('>100', 0.0)	('>500', 0.0)	('>1k', 0.0)	('>5k', 0.0)	('>10k+', 0.0)
SRR5898920_R1	(1.0, 98.47639323462684)	(2.0, 1.5031773168607465)	(3.0, 0.016128511983484403)	(4.0, 0.004300936528929174)	(5.0, 0.0)	(6.0, 0.0)	(7.0, 0.0)	(8.0, 0.0)	(9.0, 0.0)	('>10', 0.0)	('>50', 0.0)	('>100', 0.0)	('>500', 0.0)	('>1k', 0.0)	('>5k', 0.0)	('>10k+', 0.0)
SRR5898920_R2	(1.0, 98.49682268313926)	(2.0, 1.483823102480565)	(3.0, 0.009677107190090642)	(4.0, 0.0)	(5.0, 0.0)	(6.0, 0.0)	(7.0, 0.0)	(8.0, 0.0)	(9.0, 0.009677107190090642)	('>10', 0.0)	('>50', 0.0)	('>100', 0.0)	('>500', 0.0)	('>1k', 0.0)	('>5k', 0.0)	('>10k+', 0.0)
SRR5898921_R1	(1.0, 98.2312440645774)	(2.0, 1.6705516705516703)	(3.0, 0.07122507122507123)	(4.0, 0.0086333419666753)	(5.0, 0.010791677458344126)	(6.0, 0.0)	(7.0, 0.007554174220840887)	(8.0, 0.0)	(9.0, 0.0)	('>10', 0.0)	('>50', 0.0)	('>100', 0.0)	('>500', 0.0)	('>1k', 0.0)	('>5k', 0.0)	('>10k+', 0.0)
SRR5898921_R2	(1.0, 98.23771907105241)	(2.0, 1.6597599930933264)	(3.0, 0.0777000777000777)	(4.0, 0.01295001295001295)	(5.0, 0.005395838729172063)	(6.0, 0.006475006475006475)	(7.0, 0.0)	(8.0, 0.0)	(9.0, 0.0)	('>10', 0.0)	('>50', 0.0)	('>100', 0.0)	('>500', 0.0)	('>1k', 0.0)	('>5k', 0.0)	('>10k+', 0.0)
SRR5898922_R1	(1.0, 98.45216014231015)	(2.0, 1.5207228314514118)	(3.0, 0.022778302040285053)	(4.0, 0.0043387241981495345)	(5.0, 0.0)	(6.0, 0.0)	(7.0, 0.0)	(8.0, 0.0)	(9.0, 0.0)	('>10', 0.0)	('>50', 0.0)	('>100', 0.0)	('>500', 0.0)	('>1k', 0.0)	('>5k', 0.0)	('>10k+', 0.0)
SRR5898922_R2	(1.0, 98.38924864143699)	(2.0, 1.5901424186218043)	(3.0, 0.016270215743060753)	(4.0, 0.0043387241981495345)	(5.0, 0.0)	(6.0, 0.0)	(7.0, 0.0)	(8.0, 0.0)	(9.0, 0.0)	('>10', 0.0)	('>50', 0.0)	('>100', 0.0)	('>500', 0.0)	('>1k', 0.0)	('>5k', 0.0)	('>10k+', 0.0)
SRR5898923_R1	(1.0, 98.16810227185886)	(2.0, 1.733643380386249)	(3.0, 0.06877804342842171)	(4.0, 0.021834299501086254)	(5.0, 0.0)	(6.0, 0.0)	(7.0, 0.007642004825380189)	(8.0, 0.0)	(9.0, 0.0)	('>10', 0.0)	('>50', 0.0)	('>100', 0.0)	('>500', 0.0)	('>1k', 0.0)	('>5k', 0.0)	('>10k+', 0.0)
SRR5898923_R2	(1.0, 98.21832116071137)	(2.0, 1.6899747813840762)	(3.0, 0.07205318835358464)	(4.0, 0.013100579700651755)	(5.0, 0.0)	(6.0, 0.006550289850325877)	(7.0, 0.0)	(8.0, 0.0)	(9.0, 0.0)	('>10', 0.0)	('>50', 0.0)	('>100', 0.0)	('>500', 0.0)	('>1k', 0.0)	('>5k', 0.0)	('>10k+', 0.0)
SRR5898924_R1	(1.0, 98.11429754858682)	(2.0, 1.8551824117371354)	(3.0, 0.026160034008044213)	(4.0, 0.004360005668007368)	(5.0, 0.0)	(6.0, 0.0)	(7.0, 0.0)	(8.0, 0.0)	(9.0, 0.0)	('>10', 0.0)	('>50', 0.0)	('>100', 0.0)	('>500', 0.0)	('>1k', 0.0)	('>5k', 0.0)	('>10k+', 0.0)
SRR5898924_R2	(1.0, 98.23419770445702)	(2.0, 1.704762216190881)	(3.0, 0.05559007226709395)	(4.0, 0.0)	(5.0, 0.00545000708500921)	(6.0, 0.0)	(7.0, 0.0)	(8.0, 0.0)	(9.0, 0.0)	('>10', 0.0)	('>50', 0.0)	('>100', 0.0)	('>500', 0.0)	('>1k', 0.0)	('>5k', 0.0)	('>10k+', 0.0)
SRR5898925_R1	(1.0, 97.67045151660537)	(2.0, 2.1962791193560425)	(3.0, 0.1183431952662722)	(4.0, 0.004264619649235034)	(5.0, 0.010661549123087585)	(6.0, 0.0)	(7.0, 0.0)	(8.0, 0.0)	(9.0, 0.0)	('>10', 0.0)	('>50', 0.0)	('>100', 0.0)	('>500', 0.0)	('>1k', 0.0)	('>5k', 0.0)	('>10k+', 0.0)
SRR5898925_R2	(1.0, 97.52652060344367)	(2.0, 2.3455408070792685)	(3.0, 0.09275547737086198)	(4.0, 0.02132309824617517)	(5.0, 0.005330774561543792)	(6.0, 0.0)	(7.0, 0.0)	(8.0, 0.008529239298470067)	(9.0, 0.0)	('>10', 0.0)	('>50', 0.0)	('>100', 0.0)	('>500', 0.0)	('>1k', 0.0)	('>5k', 0.0)	('>10k+', 0.0)
SRR5898926_R1	(1.0, 98.32210417206531)	(2.0, 1.6282283838645593)	(3.0, 0.045348535890126974)	(4.0, 0.004318908180012093)	(5.0, 0.0)	(6.0, 0.0)	(7.0, 0.0)	(8.0, 0.0)	(9.0, 0.0)	('>10', 0.0)	('>50', 0.0)	('>100', 0.0)	('>500', 0.0)	('>1k', 0.0)	('>5k', 0.0)	('>10k+', 0.0)
SRR5898926_R2	(1.0, 98.30590826639025)	(2.0, 1.6519823788546255)	(3.0, 0.029152630215081625)	(4.0, 0.004318908180012093)	(5.0, 0.0)	(6.0, 0.0)	(7.0, 0.0)	(8.0, 0.008637816360024185)	(9.0, 0.0)	('>10', 0.0)	('>50', 0.0)	('>100', 0.0)	('>500', 0.0)	('>1k', 0.0)	('>5k', 0.0)	('>10k+', 0.0)
SRR5898948_R1	(1.0, 98.05053676099317)	(2.0, 1.7870079690895917)	(3.0, 0.10537639129766635)	(4.0, 0.035125463765888786)	(5.0, 0.02195341485368049)	(6.0, 0.0)	(7.0, 0.0)	(8.0, 0.0)	(9.0, 0.0)	('>10', 0.0)	('>50', 0.0)	('>100', 0.0)	('>500', 0.0)	('>1k', 0.0)	('>5k', 0.0)	('>10k+', 0.0)
SRR5898948_R2	(1.0, 97.81014686834537)	(2.0, 2.0263001909947094)	(3.0, 0.10208337906961427)	(4.0, 0.026344097824416587)	(5.0, 0.027441768567100615)	(6.0, 0.0)	(7.0, 0.0076836951987881725)	(8.0, 0.0)	(9.0, 0.0)	('>10', 0.0)	('>50', 0.0)	('>100', 0.0)	('>500', 0.0)	('>1k', 0.0)	('>5k', 0.0)	('>10k+', 0.0)
SRR5898950_R1	(1.0, 98.19754866618601)	(2.0, 1.7618961788031722)	(3.0, 0.040555155010814706)	(4.0, 0.0)	(5.0, 0.0)	(6.0, 0.0)	(7.0, 0.0)	(8.0, 0.0)	(9.0, 0.0)	('>10', 0.0)	('>50', 0.0)	('>100', 0.0)	('>500', 0.0)	('>1k', 0.0)	('>5k', 0.0)	('>10k+', 0.0)
SRR5898950_R2	(1.0, 97.86409516943041)	(2.0, 2.0795782263878877)	(3.0, 0.05069394376351838)	(4.0, 0.0)	(5.0, 0.005632660418168709)	(6.0, 0.0)	(7.0, 0.0)	(8.0, 0.0)	(9.0, 0.0)	('>10', 0.0)	('>50', 0.0)	('>100', 0.0)	('>500', 0.0)	('>1k', 0.0)	('>5k', 0.0)	('>10k+', 0.0)
SRR5898954_R1	(1.0, 77.03146089609236)	(2.0, 11.368499599468883)	(3.0, 5.040107978799284)	(4.0, 2.51950531663905)	(5.0, 1.5527439124757212)	(6.0, 1.0336994809555684)	(7.0, 0.4992922121388361)	(8.0, 0.38626562345685783)	(9.0, 0.14814164535987445)	('>10', 0.42028333461356976)	('>50', 0.0)	('>100', 0.0)	('>500', 0.0)	('>1k', 0.0)	('>5k', 0.0)	('>10k+', 0.0)
SRR5898954_R2	(1.0, 76.43779696913167)	(2.0, 11.48042884262968)	(3.0, 5.3001788673199535)	(4.0, 2.7784788596385344)	(5.0, 1.5582306400816426)	(6.0, 0.7571684096171362)	(7.0, 0.5300178867319952)	(8.0, 0.3160355101010655)	(9.0, 0.2962832907197489)	('>10', 0.5453807240285748)	('>50', 0.0)	('>100', 0.0)	('>500', 0.0)	('>1k', 0.0)	('>5k', 0.0)	('>10k+', 0.0)
SRR5898966_R1	(1.0, 97.53486935028248)	(2.0, 2.321680790960452)	(3.0, 0.1059322033898305)	(4.0, 0.026483050847457626)	(5.0, 0.011034604519774012)	(6.0, 0.0)	(7.0, 0.0)	(8.0, 0.0)	(9.0, 0.0)	('>10', 0.0)	('>50', 0.0)	('>100', 0.0)	('>500', 0.0)	('>1k', 0.0)	('>5k', 0.0)	('>10k+', 0.0)
SRR5898966_R2	(1.0, 97.36052259887006)	(2.0, 2.4827860169491527)	(3.0, 0.12910487288135594)	(4.0, 0.022069209039548024)	(5.0, 0.005517302259887006)	(6.0, 0.0)	(7.0, 0.0)	(8.0, 0.0)	(9.0, 0.0)	('>10', 0.0)	('>50', 0.0)	('>100', 0.0)	('>500', 0.0)	('>1k', 0.0)	('>5k', 0.0)	('>10k+', 0.0)
SRR5898978_R1	(1.0, 96.36950128079441)	(2.0, 3.341661132369839)	(3.0, 0.22769678378292907)	(4.0, 0.04216607107091279)	(5.0, 0.010541517767728197)	(6.0, 0.0)	(7.0, 0.0)	(8.0, 0.008433214214182558)	(9.0, 0.0)	('>10', 0.0)	('>50', 0.0)	('>100', 0.0)	('>500', 0.0)	('>1k', 0.0)	('>5k', 0.0)	('>10k+', 0.0)
SRR5898978_R2	(1.0, 96.53394895797098)	(2.0, 3.1835383658539156)	(3.0, 0.2182094177919737)	(4.0, 0.033732856856730234)	(5.0, 0.010541517767728197)	(6.0, 0.012649821321273838)	(7.0, 0.007379062437409738)	(8.0, 0.0)	(9.0, 0.0)	('>10', 0.0)	('>50', 0.0)	('>100', 0.0)	('>500', 0.0)	('>1k', 0.0)	('>5k', 0.0)	('>10k+', 0.0)
SRR5898979_R1	(1.0, 97.16564003954416)	(2.0, 2.626861780138839)	(3.0, 0.16947495355734446)	(4.0, 0.026073069778052994)	(5.0, 0.005431889537094374)	(6.0, 0.006518267444513249)	(7.0, 0.0)	(8.0, 0.0)	(9.0, 0.0)	('>10', 0.0)	('>50', 0.0)	('>100', 0.0)	('>500', 0.0)	('>1k', 0.0)	('>5k', 0.0)	('>10k+', 0.0)
SRR5898979_R2	(1.0, 96.78649414985497)	(2.0, 2.9506023965496637)	(3.0, 0.19554802333539745)	(4.0, 0.04345511629675499)	(5.0, 0.010863779074188748)	(6.0, 0.013036534889026497)	(7.0, 0.0)	(8.0, 0.0)	(9.0, 0.0)	('>10', 0.0)	('>50', 0.0)	('>100', 0.0)	('>500', 0.0)	('>1k', 0.0)	('>5k', 0.0)	('>10k+', 0.0)
SRR5898980_R1	(1.0, 98.12878066074316)	(2.0, 1.8080698411291574)	(3.0, 0.049854866942899555)	(4.0, 0.013294631184773215)	(5.0, 0.0)	(6.0, 0.0)	(7.0, 0.0)	(8.0, 0.0)	(9.0, 0.0)	('>10', 0.0)	('>50', 0.0)	('>100', 0.0)	('>500', 0.0)	('>1k', 0.0)	('>5k', 0.0)	('>10k+', 0.0)
SRR5898980_R2	(1.0, 97.75320732977333)	(2.0, 2.1781037424386787)	(3.0, 0.059825840331479474)	(4.0, 0.008863087456515477)	(5.0, 0.0)	(6.0, 0.0)	(7.0, 0.0)	(8.0, 0.0)	(9.0, 0.0)	('>10', 0.0)	('>50', 0.0)	('>100', 0.0)	('>500', 0.0)	('>1k', 0.0)	('>5k', 0.0)	('>10k+', 0.0)
SRR5898981_R1	(1.0, 97.97143801793922)	(2.0, 1.9795010718742334)	(3.0, 0.044794744083360885)	(4.0, 0.004266166103177227)	(5.0, 0.0)	(6.0, 0.0)	(7.0, 0.0)	(8.0, 0.0)	(9.0, 0.0)	('>10', 0.0)	('>50', 0.0)	('>100', 0.0)	('>500', 0.0)	('>1k', 0.0)	('>5k', 0.0)	('>10k+', 0.0)
SRR5898981_R2	(1.0, 98.06209404763175)	(2.0, 1.8941777498106889)	(3.0, 0.02879662119644628)	(4.0, 0.008532332206354454)	(5.0, 0.0)	(6.0, 0.006399249154765841)	(7.0, 0.0)	(8.0, 0.0)	(9.0, 0.0)	('>10', 0.0)	('>50', 0.0)	('>100', 0.0)	('>500', 0.0)	('>1k', 0.0)	('>5k', 0.0)	('>10k+', 0.0)
SRR5898982_R1	(1.0, 97.71949828962371)	(2.0, 2.201643240017477)	(3.0, 0.07353019533456238)	(4.0, 0.0)	(5.0, 0.005328275024243651)	(6.0, 0.0)	(7.0, 0.0)	(8.0, 0.0)	(9.0, 0.0)	('>10', 0.0)	('>50', 0.0)	('>100', 0.0)	('>500', 0.0)	('>1k', 0.0)	('>5k', 0.0)	('>10k+', 0.0)
SRR5898982_R2	(1.0, 97.79089717494858)	(2.0, 2.1121282196101836)	(3.0, 0.07992412536365477)	(4.0, 0.008525240038789841)	(5.0, 0.0)	(6.0, 0.0)	(7.0, 0.0)	(8.0, 0.008525240038789841)	(9.0, 0.0)	('>10', 0.0)	('>50', 0.0)	('>100', 0.0)	('>500', 0.0)	('>1k', 0.0)	('>5k', 0.0)	('>10k+', 0.0)
SRR5898983_R1	(1.0, 91.85973041280539)	(2.0, 7.080876158382477)	(3.0, 0.8213984835720303)	(4.0, 0.16006739679865206)	(5.0, 0.05265374894692502)	(6.0, 0.006318449873631002)	(7.0, 0.0)	(8.0, 0.008424599831508003)	(9.0, 0.0)	('>10', 0.010530749789385004)	('>50', 0.0)	('>100', 0.0)	('>500', 0.0)	('>1k', 0.0)	('>5k', 0.0)	('>10k+', 0.0)
SRR5898983_R2	(1.0, 92.40838247683236)	(2.0, 6.57961246840775)	(3.0, 0.7487363100252737)	(4.0, 0.14321819713563605)	(5.0, 0.06844987363100252)	(6.0, 0.018955349620893007)	(7.0, 0.02211457455770851)	(8.0, 0.0)	(9.0, 0.0)	('>10', 0.010530749789385004)	('>50', 0.0)	('>100', 0.0)	('>500', 0.0)	('>1k', 0.0)	('>5k', 0.0)	('>10k+', 0.0)
SRR5898984_R1	(1.0, 97.1082027156585)	(2.0, 2.6955920715257187)	(3.0, 0.16722035183162026)	(4.0, 0.01783683752870616)	(5.0, 0.01114802345544135)	(6.0, 0.0)	(7.0, 0.0)	(8.0, 0.0)	(9.0, 0.0)	('>10', 0.0)	('>50', 0.0)	('>100', 0.0)	('>500', 0.0)	('>1k', 0.0)	('>5k', 0.0)	('>10k+', 0.0)
SRR5898984_R2	(1.0, 96.87743863013087)	(2.0, 2.936389378163252)	(3.0, 0.15049831664845822)	(4.0, 0.0222960469108827)	(5.0, 0.005574011727720675)	(6.0, 0.0)	(7.0, 0.007803616418808946)	(8.0, 0.0)	(9.0, 0.0)	('>10', 0.0)	('>50', 0.0)	('>100', 0.0)	('>500', 0.0)	('>1k', 0.0)	('>5k', 0.0)	('>10k+', 0.0)
SRR5898985_R1	(1.0, 94.80508528177775)	(2.0, 3.843477894204213)	(3.0, 0.7811347009339883)	(4.0, 0.2867323058759039)	(5.0, 0.11595791781746116)	(6.0, 0.09487466003246822)	(7.0, 0.04427484134848517)	(8.0, 0.016866606227994352)	(9.0, 0.0)	('>10', 0.011595791781746115)	('>50', 0.0)	('>100', 0.0)	('>500', 0.0)	('>1k', 0.0)	('>5k', 0.0)	('>10k+', 0.0)
SRR5898985_R2	(1.0, 95.05070523497291)	(2.0, 3.651620248360777)	(3.0, 0.7400223482532521)	(4.0, 0.2909489574329025)	(5.0, 0.11595791781746116)	(6.0, 0.05692479601948094)	(7.0, 0.022137420674242583)	(8.0, 0.033733212455988704)	(9.0, 0.037949864012987285)	('>10', 0.0)	('>50', 0.0)	('>100', 0.0)	('>500', 0.0)	('>1k', 0.0)	('>5k', 0.0)	('>10k+', 0.0)
SRR5898986_R1	(1.0, 97.00946947098957)	(2.0, 2.8310789556464298)	(3.0, 0.126910435942771)	(4.0, 0.021694091614148887)	(5.0, 0.010847045807074443)	(6.0, 0.0)	(7.0, 0.0)	(8.0, 0.0)	(9.0, 0.0)	('>10', 0.0)	('>50', 0.0)	('>100', 0.0)	('>500', 0.0)	('>1k', 0.0)	('>5k', 0.0)	('>10k+', 0.0)
SRR5898986_R2	(1.0, 96.64500873187187)	(2.0, 3.076222190886312)	(3.0, 0.214771506980074)	(4.0, 0.04772700155112755)	(5.0, 0.016270568710611666)	(6.0, 0.0)	(7.0, 0.0)	(8.0, 0.0)	(9.0, 0.0)	('>10', 0.0)	('>50', 0.0)	('>100', 0.0)	('>500', 0.0)	('>1k', 0.0)	('>5k', 0.0)	('>10k+', 0.0)
SRR5898987_R1	(1.0, 97.857826966053)	(2.0, 2.1070554432265616)	(3.0, 0.035117590720442696)	(4.0, 0.0)	(5.0, 0.0)	(6.0, 0.0)	(7.0, 0.0)	(8.0, 0.0)	(9.0, 0.0)	('>10', 0.0)	('>50', 0.0)	('>100', 0.0)	('>500', 0.0)	('>1k', 0.0)	('>5k', 0.0)	('>10k+', 0.0)
SRR5898987_R2	(1.0, 98.0334149196552)	(2.0, 1.9367883367032033)	(3.0, 0.022347557731190806)	(4.0, 0.0)	(5.0, 0.0)	(6.0, 0.0)	(7.0, 0.007449185910396935)	(8.0, 0.0)	(9.0, 0.0)	('>10', 0.0)	('>50', 0.0)	('>100', 0.0)	('>500', 0.0)	('>1k', 0.0)	('>5k', 0.0)	('>10k+', 0.0)
SRR5899005_R1	(1.0, 98.08973049771345)	(2.0, 1.8758602317630866)	(3.0, 0.01997957643297962)	(4.0, 0.008879811747990943)	(5.0, 0.005549882342494339)	(6.0, 0.0)	(7.0, 0.0)	(8.0, 0.0)	(9.0, 0.0)	('>10', 0.0)	('>50', 0.0)	('>100', 0.0)	('>500', 0.0)	('>1k', 0.0)	('>5k', 0.0)	('>10k+', 0.0)
SRR5899005_R2	(1.0, 98.21515783865382)	(2.0, 1.7493229143542157)	(3.0, 0.023309505838476224)	(4.0, 0.0044399058739954715)	(5.0, 0.0)	(6.0, 0.0)	(7.0, 0.0077698352794920746)	(8.0, 0.0)	(9.0, 0.0)	('>10', 0.0)	('>50', 0.0)	('>100', 0.0)	('>500', 0.0)	('>1k', 0.0)	('>5k', 0.0)	('>10k+', 0.0)
SRR5899006_R1	(1.0, 97.96168985669331)	(2.0, 1.9955483920485073)	(3.0, 0.042761751258182296)	(4.0, 0.0)	(5.0, 0.0)	(6.0, 0.0)	(7.0, 0.0)	(8.0, 0.0)	(9.0, 0.0)	('>10', 0.0)	('>50', 0.0)	('>100', 0.0)	('>500', 0.0)	('>1k', 0.0)	('>5k', 0.0)	('>10k+', 0.0)
SRR5899006_R2	(1.0, 98.11190421367718)	(2.0, 1.8442375799041697)	(3.0, 0.023025558369790467)	(4.0, 0.004385820641864851)	(5.0, 0.0054822758023310636)	(6.0, 0.0)	(7.0, 0.0)	(8.0, 0.0)	(9.0, 0.0)	('>10', 0.010964551604662127)	('>50', 0.0)	('>100', 0.0)	('>500', 0.0)	('>1k', 0.0)	('>5k', 0.0)	('>10k+', 0.0)
SRR5899007_R1	(1.0, 96.66769925211311)	(2.0, 3.201752445014825)	(3.0, 0.1261229366730097)	(4.0, 0.004425366199052971)	(5.0, 0.0)	(6.0, 0.0)	(7.0, 0.0)	(8.0, 0.0)	(9.0, 0.0)	('>10', 0.0)	('>50', 0.0)	('>100', 0.0)	('>500', 0.0)	('>1k', 0.0)	('>5k', 0.0)	('>10k+', 0.0)
SRR5899007_R2	(1.0, 96.91994512545912)	(2.0, 2.9362304730716464)	(3.0, 0.12280391202371996)	(4.0, 0.008850732398105942)	(5.0, 0.0)	(6.0, 0.0)	(7.0, 0.0)	(8.0, 0.0)	(9.0, 0.0)	('>10', 0.012169757047395672)	('>50', 0.0)	('>100', 0.0)	('>500', 0.0)	('>1k', 0.0)	('>5k', 0.0)	('>10k+', 0.0)
SRR5899017_R1	(1.0, 98.59222744468646)	(2.0, 1.3940158202453286)	(3.0, 0.013756735068210478)	(4.0, 0.0)	(5.0, 0.0)	(6.0, 0.0)	(7.0, 0.0)	(8.0, 0.0)	(9.0, 0.0)	('>10', 0.0)	('>50', 0.0)	('>100', 0.0)	('>500', 0.0)	('>1k', 0.0)	('>5k', 0.0)	('>10k+', 0.0)
SRR5899017_R2	(1.0, 98.28270090565172)	(2.0, 1.6760288891436432)	(3.0, 0.041270205204631434)	(4.0, 0.0)	(5.0, 0.0)	(6.0, 0.0)	(7.0, 0.0)	(8.0, 0.0)	(9.0, 0.0)	('>10', 0.0)	('>50', 0.0)	('>100', 0.0)	('>500', 0.0)	('>1k', 0.0)	('>5k', 0.0)	('>10k+', 0.0)
SRR8865572_R1	(1.0, 97.273)	(2.0, 2.664)	(3.0, 0.063)	(4.0, 0.0)	(5.0, 0.0)	(6.0, 0.0)	(7.0, 0.0)	(8.0, 0.0)	(9.0, 0.0)	('>10', 0.0)	('>50', 0.0)	('>100', 0.0)	('>500', 0.0)	('>1k', 0.0)	('>5k', 0.0)	('>10k+', 0.0)
SRR8865572_R2	(1.0, 97.36399999999999)	(2.0, 2.564)	(3.0, 0.07200000000000001)	(4.0, 0.0)	(5.0, 0.0)	(6.0, 0.0)	(7.0, 0.0)	(8.0, 0.0)	(9.0, 0.0)	('>10', 0.0)	('>50', 0.0)	('>100', 0.0)	('>500', 0.0)	('>1k', 0.0)	('>5k', 0.0)	('>10k+', 0.0)
SRR8865573_R1	(1.0, 98.113)	(2.0, 1.8780000000000001)	(3.0, 0.009000000000000001)	(4.0, 0.0)	(5.0, 0.0)	(6.0, 0.0)	(7.0, 0.0)	(8.0, 0.0)	(9.0, 0.0)	('>10', 0.0)	('>50', 0.0)	('>100', 0.0)	('>500', 0.0)	('>1k', 0.0)	('>5k', 0.0)	('>10k+', 0.0)
SRR8865573_R2	(1.0, 98.039)	(2.0, 1.94)	(3.0, 0.021)	(4.0, 0.0)	(5.0, 0.0)	(6.0, 0.0)	(7.0, 0.0)	(8.0, 0.0)	(9.0, 0.0)	('>10', 0.0)	('>50', 0.0)	('>100', 0.0)	('>500', 0.0)	('>1k', 0.0)	('>5k', 0.0)	('>10k+', 0.0)
SRR8865574_R1	(1.0, 91.292)	(2.0, 6.632000000000001)	(3.0, 1.401)	(4.0, 0.4)	(5.0, 0.20500000000000002)	(6.0, 0.054)	(7.0, 0.006999999999999999)	(8.0, 0.0)	(9.0, 0.009000000000000001)	('>10', 0.0)	('>50', 0.0)	('>100', 0.0)	('>500', 0.0)	('>1k', 0.0)	('>5k', 0.0)	('>10k+', 0.0)
SRR8865574_R2	(1.0, 91.33099999999999)	(2.0, 6.646000000000001)	(3.0, 1.365)	(4.0, 0.40800000000000003)	(5.0, 0.155)	(6.0, 0.066)	(7.0, 0.021)	(8.0, 0.008)	(9.0, 0.0)	('>10', 0.0)	('>50', 0.0)	('>100', 0.0)	('>500', 0.0)	('>1k', 0.0)	('>5k', 0.0)	('>10k+', 0.0)
SRR8865575_R1	(1.0, 97.41089643585742)	(2.0, 2.532101284051362)	(3.0, 0.057002280091203644)	(4.0, 0.0)	(5.0, 0.0)	(6.0, 0.0)	(7.0, 0.0)	(8.0, 0.0)	(9.0, 0.0)	('>10', 0.0)	('>50', 0.0)	('>100', 0.0)	('>500', 0.0)	('>1k', 0.0)	('>5k', 0.0)	('>10k+', 0.0)
SRR8865575_R2	(1.0, 97.53390135605424)	(2.0, 2.4140965638625547)	(3.0, 0.048001920076803074)	(4.0, 0.004000160006400256)	(5.0, 0.0)	(6.0, 0.0)	(7.0, 0.0)	(8.0, 0.0)	(9.0, 0.0)	('>10', 0.0)	('>50', 0.0)	('>100', 0.0)	('>500', 0.0)	('>1k', 0.0)	('>5k', 0.0)	('>10k+', 0.0)
SRR8865576_R1	(1.0, 91.403)	(2.0, 6.664000000000001)	(3.0, 1.2630000000000001)	(4.0, 0.428)	(5.0, 0.155)	(6.0, 0.054)	(7.0, 0.013999999999999999)	(8.0, 0.008)	(9.0, 0.0)	('>10', 0.011000000000000001)	('>50', 0.0)	('>100', 0.0)	('>500', 0.0)	('>1k', 0.0)	('>5k', 0.0)	('>10k+', 0.0)
SRR8865576_R2	(1.0, 91.217)	(2.0, 6.723999999999999)	(3.0, 1.413)	(4.0, 0.40800000000000003)	(5.0, 0.105)	(6.0, 0.078)	(7.0, 0.027999999999999997)	(8.0, 0.008)	(9.0, 0.009000000000000001)	('>10', 0.01)	('>50', 0.0)	('>100', 0.0)	('>500', 0.0)	('>1k', 0.0)	('>5k', 0.0)	('>10k+', 0.0)
SRR8865577_R1	(1.0, 97.7919779197792)	(2.0, 2.196021960219602)	(3.0, 0.012000120001200012)	(4.0, 0.0)	(5.0, 0.0)	(6.0, 0.0)	(7.0, 0.0)	(8.0, 0.0)	(9.0, 0.0)	('>10', 0.0)	('>50', 0.0)	('>100', 0.0)	('>500', 0.0)	('>1k', 0.0)	('>5k', 0.0)	('>10k+', 0.0)
SRR8865577_R2	(1.0, 97.8339783397834)	(2.0, 2.148021480214802)	(3.0, 0.018000180001800016)	(4.0, 0.0)	(5.0, 0.0)	(6.0, 0.0)	(7.0, 0.0)	(8.0, 0.0)	(9.0, 0.0)	('>10', 0.0)	('>50', 0.0)	('>100', 0.0)	('>500', 0.0)	('>1k', 0.0)	('>5k', 0.0)	('>10k+', 0.0)
SRR8865578_R1	(1.0, 97.70295405908118)	(2.0, 2.262045240904818)	(3.0, 0.027000540010800215)	(4.0, 0.008000160003200064)	(5.0, 0.0)	(6.0, 0.0)	(7.0, 0.0)	(8.0, 0.0)	(9.0, 0.0)	('>10', 0.0)	('>50', 0.0)	('>100', 0.0)	('>500', 0.0)	('>1k', 0.0)	('>5k', 0.0)	('>10k+', 0.0)
SRR8865578_R2	(1.0, 97.74595491909838)	(2.0, 2.230044600892018)	(3.0, 0.024000480009600193)	(4.0, 0.0)	(5.0, 0.0)	(6.0, 0.0)	(7.0, 0.0)	(8.0, 0.0)	(9.0, 0.0)	('>10', 0.0)	('>50', 0.0)	('>100', 0.0)	('>500', 0.0)	('>1k', 0.0)	('>5k', 0.0)	('>10k+', 0.0)
SRR8865579_R1	(1.0, 97.56495129902598)	(2.0, 2.392047840956819)	(3.0, 0.03900078001560031)	(4.0, 0.004000080001600032)	(5.0, 0.0)	(6.0, 0.0)	(7.0, 0.0)	(8.0, 0.0)	(9.0, 0.0)	('>10', 0.0)	('>50', 0.0)	('>100', 0.0)	('>500', 0.0)	('>1k', 0.0)	('>5k', 0.0)	('>10k+', 0.0)
SRR8865579_R2	(1.0, 97.61995239904799)	(2.0, 2.3240464809296184)	(3.0, 0.04800096001920039)	(4.0, 0.008000160003200064)	(5.0, 0.0)	(6.0, 0.0)	(7.0, 0.0)	(8.0, 0.0)	(9.0, 0.0)	('>10', 0.0)	('>50', 0.0)	('>100', 0.0)	('>500', 0.0)	('>1k', 0.0)	('>5k', 0.0)	('>10k+', 0.0)
SRR8865580_R1	(1.0, 97.849978499785)	(2.0, 2.126021260212602)	(3.0, 0.024000240002400024)	(4.0, 0.0)	(5.0, 0.0)	(6.0, 0.0)	(7.0, 0.0)	(8.0, 0.0)	(9.0, 0.0)	('>10', 0.0)	('>50', 0.0)	('>100', 0.0)	('>500', 0.0)	('>1k', 0.0)	('>5k', 0.0)	('>10k+', 0.0)
SRR8865580_R2	(1.0, 97.9039790397904)	(2.0, 2.084020840208402)	(3.0, 0.012000120001200012)	(4.0, 0.0)	(5.0, 0.0)	(6.0, 0.0)	(7.0, 0.0)	(8.0, 0.0)	(9.0, 0.0)	('>10', 0.0)	('>50', 0.0)	('>100', 0.0)	('>500', 0.0)	('>1k', 0.0)	('>5k', 0.0)	('>10k+', 0.0)
SRR8865581_R1	(1.0, 97.57492724781743)	(2.0, 2.3820714621438643)	(3.0, 0.039001170035101056)	(4.0, 0.004000120003600108)	(5.0, 0.0)	(6.0, 0.0)	(7.0, 0.0)	(8.0, 0.0)	(9.0, 0.0)	('>10', 0.0)	('>50', 0.0)	('>100', 0.0)	('>500', 0.0)	('>1k', 0.0)	('>5k', 0.0)	('>10k+', 0.0)
SRR8865581_R2	(1.0, 97.61392841785253)	(2.0, 2.3440703221096633)	(3.0, 0.042001260037801136)	(4.0, 0.0)	(5.0, 0.0)	(6.0, 0.0)	(7.0, 0.0)	(8.0, 0.0)	(9.0, 0.0)	('>10', 0.0)	('>50', 0.0)	('>100', 0.0)	('>500', 0.0)	('>1k', 0.0)	('>5k', 0.0)	('>10k+', 0.0)
SRR8865582_R1	(1.0, 97.185)	(2.0, 2.7640000000000002)	(3.0, 0.051000000000000004)	(4.0, 0.0)	(5.0, 0.0)	(6.0, 0.0)	(7.0, 0.0)	(8.0, 0.0)	(9.0, 0.0)	('>10', 0.0)	('>50', 0.0)	('>100', 0.0)	('>500', 0.0)	('>1k', 0.0)	('>5k', 0.0)	('>10k+', 0.0)
SRR8865582_R2	(1.0, 97.265)	(2.0, 2.698)	(3.0, 0.033)	(4.0, 0.004)	(5.0, 0.0)	(6.0, 0.0)	(7.0, 0.0)	(8.0, 0.0)	(9.0, 0.0)	('>10', 0.0)	('>50', 0.0)	('>100', 0.0)	('>500', 0.0)	('>1k', 0.0)	('>5k', 0.0)	('>10k+', 0.0)
SRR8865583_R1	(1.0, 97.94)	(2.0, 2.0420000000000003)	(3.0, 0.018000000000000002)	(4.0, 0.0)	(5.0, 0.0)	(6.0, 0.0)	(7.0, 0.0)	(8.0, 0.0)	(9.0, 0.0)	('>10', 0.0)	('>50', 0.0)	('>100', 0.0)	('>500', 0.0)	('>1k', 0.0)	('>5k', 0.0)	('>10k+', 0.0)
SRR8865583_R2	(1.0, 97.959)	(2.0, 2.008)	(3.0, 0.033)	(4.0, 0.0)	(5.0, 0.0)	(6.0, 0.0)	(7.0, 0.0)	(8.0, 0.0)	(9.0, 0.0)	('>10', 0.0)	('>50', 0.0)	('>100', 0.0)	('>500', 0.0)	('>1k', 0.0)	('>5k', 0.0)	('>10k+', 0.0)
SRR8865584_R1	(1.0, 97.363)	(2.0, 2.5940000000000003)	(3.0, 0.039)	(4.0, 0.004)	(5.0, 0.0)	(6.0, 0.0)	(7.0, 0.0)	(8.0, 0.0)	(9.0, 0.0)	('>10', 0.0)	('>50', 0.0)	('>100', 0.0)	('>500', 0.0)	('>1k', 0.0)	('>5k', 0.0)	('>10k+', 0.0)
SRR8865584_R2	(1.0, 97.421)	(2.0, 2.5420000000000003)	(3.0, 0.033)	(4.0, 0.004)	(5.0, 0.0)	(6.0, 0.0)	(7.0, 0.0)	(8.0, 0.0)	(9.0, 0.0)	('>10', 0.0)	('>50', 0.0)	('>100', 0.0)	('>500', 0.0)	('>1k', 0.0)	('>5k', 0.0)	('>10k+', 0.0)
SRR8865585_R1	(1.0, 97.38799999999999)	(2.0, 2.55)	(3.0, 0.045)	(4.0, 0.012)	(5.0, 0.005)	(6.0, 0.0)	(7.0, 0.0)	(8.0, 0.0)	(9.0, 0.0)	('>10', 0.0)	('>50', 0.0)	('>100', 0.0)	('>500', 0.0)	('>1k', 0.0)	('>5k', 0.0)	('>10k+', 0.0)
SRR8865585_R2	(1.0, 97.59400000000001)	(2.0, 2.346)	(3.0, 0.06)	(4.0, 0.0)	(5.0, 0.0)	(6.0, 0.0)	(7.0, 0.0)	(8.0, 0.0)	(9.0, 0.0)	('>10', 0.0)	('>50', 0.0)	('>100', 0.0)	('>500', 0.0)	('>1k', 0.0)	('>5k', 0.0)	('>10k+', 0.0)
SRR8865586_R1	(1.0, 97.073)	(2.0, 2.8400000000000003)	(3.0, 0.075)	(4.0, 0.012)	(5.0, 0.0)	(6.0, 0.0)	(7.0, 0.0)	(8.0, 0.0)	(9.0, 0.0)	('>10', 0.0)	('>50', 0.0)	('>100', 0.0)	('>500', 0.0)	('>1k', 0.0)	('>5k', 0.0)	('>10k+', 0.0)
SRR8865586_R2	(1.0, 97.04599999999999)	(2.0, 2.87)	(3.0, 0.075)	(4.0, 0.004)	(5.0, 0.005)	(6.0, 0.0)	(7.0, 0.0)	(8.0, 0.0)	(9.0, 0.0)	('>10', 0.0)	('>50', 0.0)	('>100', 0.0)	('>500', 0.0)	('>1k', 0.0)	('>5k', 0.0)	('>10k+', 0.0)
SRR8865587_R1	(1.0, 92.958)	(2.0, 6.106)	(3.0, 0.687)	(4.0, 0.164)	(5.0, 0.055)	(6.0, 0.03)	(7.0, 0.0)	(8.0, 0.0)	(9.0, 0.0)	('>10', 0.0)	('>50', 0.0)	('>100', 0.0)	('>500', 0.0)	('>1k', 0.0)	('>5k', 0.0)	('>10k+', 0.0)
SRR8865587_R2	(1.0, 92.88300000000001)	(2.0, 6.098)	(3.0, 0.711)	(4.0, 0.192)	(5.0, 0.065)	(6.0, 0.024)	(7.0, 0.006999999999999999)	(8.0, 0.008)	(9.0, 0.0)	('>10', 0.012)	('>50', 0.0)	('>100', 0.0)	('>500', 0.0)	('>1k', 0.0)	('>5k', 0.0)	('>10k+', 0.0)
SRR8865588_R1	(1.0, 96.013)	(2.0, 3.71)	(3.0, 0.20400000000000001)	(4.0, 0.048)	(5.0, 0.015)	(6.0, 0.0)	(7.0, 0.0)	(8.0, 0.0)	(9.0, 0.0)	('>10', 0.01)	('>50', 0.0)	('>100', 0.0)	('>500', 0.0)	('>1k', 0.0)	('>5k', 0.0)	('>10k+', 0.0)
SRR8865588_R2	(1.0, 96.044)	(2.0, 3.676)	(3.0, 0.213)	(4.0, 0.027999999999999997)	(5.0, 0.015)	(6.0, 0.006)	(7.0, 0.006999999999999999)	(8.0, 0.0)	(9.0, 0.0)	('>10', 0.011000000000000001)	('>50', 0.0)	('>100', 0.0)	('>500', 0.0)	('>1k', 0.0)	('>5k', 0.0)	('>10k+', 0.0)
SRR8865589_R1	(1.0, 97.28999999999999)	(2.0, 2.65)	(3.0, 0.06)	(4.0, 0.0)	(5.0, 0.0)	(6.0, 0.0)	(7.0, 0.0)	(8.0, 0.0)	(9.0, 0.0)	('>10', 0.0)	('>50', 0.0)	('>100', 0.0)	('>500', 0.0)	('>1k', 0.0)	('>5k', 0.0)	('>10k+', 0.0)
SRR8865589_R2	(1.0, 97.408)	(2.0, 2.54)	(3.0, 0.048)	(4.0, 0.004)	(5.0, 0.0)	(6.0, 0.0)	(7.0, 0.0)	(8.0, 0.0)	(9.0, 0.0)	('>10', 0.0)	('>50', 0.0)	('>100', 0.0)	('>500', 0.0)	('>1k', 0.0)	('>5k', 0.0)	('>10k+', 0.0)
SRR8865590_R1	(1.0, 97.843)	(2.0, 2.108)	(3.0, 0.045)	(4.0, 0.004)	(5.0, 0.0)	(6.0, 0.0)	(7.0, 0.0)	(8.0, 0.0)	(9.0, 0.0)	('>10', 0.0)	('>50', 0.0)	('>100', 0.0)	('>500', 0.0)	('>1k', 0.0)	('>5k', 0.0)	('>10k+', 0.0)
SRR8865590_R2	(1.0, 97.87700000000001)	(2.0, 2.096)	(3.0, 0.027)	(4.0, 0.0)	(5.0, 0.0)	(6.0, 0.0)	(7.0, 0.0)	(8.0, 0.0)	(9.0, 0.0)	('>10', 0.0)	('>50', 0.0)	('>100', 0.0)	('>500', 0.0)	('>1k', 0.0)	('>5k', 0.0)	('>10k+', 0.0)
SRR8865591_R1	(1.0, 96.7309673096731)	(2.0, 3.1260312603126033)	(3.0, 0.12600126001260012)	(4.0, 0.012000120001200012)	(5.0, 0.005000050000500005)	(6.0, 0.0)	(7.0, 0.0)	(8.0, 0.0)	(9.0, 0.0)	('>10', 0.0)	('>50', 0.0)	('>100', 0.0)	('>500', 0.0)	('>1k', 0.0)	('>5k', 0.0)	('>10k+', 0.0)
SRR8865591_R2	(1.0, 96.7449674496745)	(2.0, 3.136031360313603)	(3.0, 0.11100111001110011)	(4.0, 0.008000080000800007)	(5.0, 0.0)	(6.0, 0.0)	(7.0, 0.0)	(8.0, 0.0)	(9.0, 0.0)	('>10', 0.0)	('>50', 0.0)	('>100', 0.0)	('>500', 0.0)	('>1k', 0.0)	('>5k', 0.0)	('>10k+', 0.0)
SRR8865592_R1	(1.0, 96.31466832014881)	(2.0, 3.5643207888709982)	(3.0, 0.10800972087487874)	(4.0, 0.008000720064805834)	(5.0, 0.005000450040503646)	(6.0, 0.0)	(7.0, 0.0)	(8.0, 0.0)	(9.0, 0.0)	('>10', 0.0)	('>50', 0.0)	('>100', 0.0)	('>500', 0.0)	('>1k', 0.0)	('>5k', 0.0)	('>10k+', 0.0)
SRR8865592_R2	(1.0, 96.4186776809913)	(2.0, 3.4523107079637168)	(3.0, 0.1170105309477853)	(4.0, 0.012001080097208749)	(5.0, 0.0)	(6.0, 0.0)	(7.0, 0.0)	(8.0, 0.0)	(9.0, 0.0)	('>10', 0.0)	('>50', 0.0)	('>100', 0.0)	('>500', 0.0)	('>1k', 0.0)	('>5k', 0.0)	('>10k+', 0.0)
SRR8865593_R1	(1.0, 96.6259662596626)	(2.0, 3.112031120311203)	(3.0, 0.18600186001860017)	(4.0, 0.04000040000400004)	(5.0, 0.030000300003000028)	(6.0, 0.006000060000600006)	(7.0, 0.0)	(8.0, 0.0)	(9.0, 0.0)	('>10', 0.0)	('>50', 0.0)	('>100', 0.0)	('>500', 0.0)	('>1k', 0.0)	('>5k', 0.0)	('>10k+', 0.0)
SRR8865593_R2	(1.0, 96.6069660696607)	(2.0, 3.0900309003090034)	(3.0, 0.21300213002130022)	(4.0, 0.06400064000640006)	(5.0, 0.02000020000200002)	(6.0, 0.006000060000600006)	(7.0, 0.0)	(8.0, 0.0)	(9.0, 0.0)	('>10', 0.0)	('>50', 0.0)	('>100', 0.0)	('>500', 0.0)	('>1k', 0.0)	('>5k', 0.0)	('>10k+', 0.0)
SRR8865594_R1	(1.0, 97.638)	(2.0, 2.3)	(3.0, 0.048)	(4.0, 0.008)	(5.0, 0.0)	(6.0, 0.006)	(7.0, 0.0)	(8.0, 0.0)	(9.0, 0.0)	('>10', 0.0)	('>50', 0.0)	('>100', 0.0)	('>500', 0.0)	('>1k', 0.0)	('>5k', 0.0)	('>10k+', 0.0)
SRR8865594_R2	(1.0, 97.772)	(2.0, 2.1919999999999997)	(3.0, 0.036000000000000004)	(4.0, 0.0)	(5.0, 0.0)	(6.0, 0.0)	(7.0, 0.0)	(8.0, 0.0)	(9.0, 0.0)	('>10', 0.0)	('>50', 0.0)	('>100', 0.0)	('>500', 0.0)	('>1k', 0.0)	('>5k', 0.0)	('>10k+', 0.0)
SRR8865595_R1	(1.0, 94.843)	(2.0, 4.508)	(3.0, 0.48900000000000005)	(4.0, 0.108)	(5.0, 0.04)	(6.0, 0.012)	(7.0, 0.0)	(8.0, 0.0)	(9.0, 0.0)	('>10', 0.0)	('>50', 0.0)	('>100', 0.0)	('>500', 0.0)	('>1k', 0.0)	('>5k', 0.0)	('>10k+', 0.0)
SRR8865595_R2	(1.0, 95.02000000000001)	(2.0, 4.3)	(3.0, 0.477)	(4.0, 0.14400000000000002)	(5.0, 0.034999999999999996)	(6.0, 0.024)	(7.0, 0.0)	(8.0, 0.0)	(9.0, 0.0)	('>10', 0.0)	('>50', 0.0)	('>100', 0.0)	('>500', 0.0)	('>1k', 0.0)	('>5k', 0.0)	('>10k+', 0.0)
SRR8865596_R1	(1.0, 91.732)	(2.0, 6.3020000000000005)	(3.0, 1.188)	(4.0, 0.436)	(5.0, 0.185)	(6.0, 0.096)	(7.0, 0.034999999999999996)	(8.0, 0.008)	(9.0, 0.018000000000000002)	('>10', 0.0)	('>50', 0.0)	('>100', 0.0)	('>500', 0.0)	('>1k', 0.0)	('>5k', 0.0)	('>10k+', 0.0)
SRR8865596_R2	(1.0, 91.953)	(2.0, 6.05)	(3.0, 1.137)	(4.0, 0.44)	(5.0, 0.255)	(6.0, 0.078)	(7.0, 0.042)	(8.0, 0.016)	(9.0, 0.009000000000000001)	('>10', 0.02)	('>50', 0.0)	('>100', 0.0)	('>500', 0.0)	('>1k', 0.0)	('>5k', 0.0)	('>10k+', 0.0)
SRR8865597_R1	(1.0, 95.32795327953279)	(2.0, 4.276042760427604)	(3.0, 0.34200342003420037)	(4.0, 0.03200032000320003)	(5.0, 0.01000010000100001)	(6.0, 0.012000120001200012)	(7.0, 0.0)	(8.0, 0.0)	(9.0, 0.0)	('>10', 0.0)	('>50', 0.0)	('>100', 0.0)	('>500', 0.0)	('>1k', 0.0)	('>5k', 0.0)	('>10k+', 0.0)
SRR8865597_R2	(1.0, 95.4759547595476)	(2.0, 4.208042080420804)	(3.0, 0.29100291002910034)	(4.0, 0.02000020000200002)	(5.0, 0.005000050000500005)	(6.0, 0.0)	(7.0, 0.0)	(8.0, 0.0)	(9.0, 0.0)	('>10', 0.0)	('>50', 0.0)	('>100', 0.0)	('>500', 0.0)	('>1k', 0.0)	('>5k', 0.0)	('>10k+', 0.0)
SRR8865598_R1	(1.0, 95.1557577878894)	(2.0, 4.566228311415571)	(3.0, 0.25801290064503224)	(4.0, 0.008000400020001)	(5.0, 0.0)	(6.0, 0.012000600030001501)	(7.0, 0.0)	(8.0, 0.0)	(9.0, 0.0)	('>10', 0.0)	('>50', 0.0)	('>100', 0.0)	('>500', 0.0)	('>1k', 0.0)	('>5k', 0.0)	('>10k+', 0.0)
SRR8865598_R2	(1.0, 95.04675233761688)	(2.0, 4.728236411820591)	(3.0, 0.19200960048002402)	(4.0, 0.028001400070003502)	(5.0, 0.005000250012500625)	(6.0, 0.0)	(7.0, 0.0)	(8.0, 0.0)	(9.0, 0.0)	('>10', 0.0)	('>50', 0.0)	('>100', 0.0)	('>500', 0.0)	('>1k', 0.0)	('>5k', 0.0)	('>10k+', 0.0)
SRR8865599_R1	(1.0, 93.687)	(2.0, 4.872)	(3.0, 0.9480000000000001)	(4.0, 0.308)	(5.0, 0.135)	(6.0, 0.042)	(7.0, 0.0)	(8.0, 0.008)	(9.0, 0.0)	('>10', 0.0)	('>50', 0.0)	('>100', 0.0)	('>500', 0.0)	('>1k', 0.0)	('>5k', 0.0)	('>10k+', 0.0)
SRR8865599_R2	(1.0, 93.83399999999999)	(2.0, 4.772)	(3.0, 0.966)	(4.0, 0.244)	(5.0, 0.1)	(6.0, 0.054)	(7.0, 0.021)	(8.0, 0.0)	(9.0, 0.009000000000000001)	('>10', 0.0)	('>50', 0.0)	('>100', 0.0)	('>500', 0.0)	('>1k', 0.0)	('>5k', 0.0)	('>10k+', 0.0)
SRR8865600_R1	(1.0, 97.53500000000001)	(2.0, 2.386)	(3.0, 0.063)	(4.0, 0.016)	(5.0, 0.0)	(6.0, 0.0)	(7.0, 0.0)	(8.0, 0.0)	(9.0, 0.0)	('>10', 0.0)	('>50', 0.0)	('>100', 0.0)	('>500', 0.0)	('>1k', 0.0)	('>5k', 0.0)	('>10k+', 0.0)
SRR8865600_R2	(1.0, 97.516)	(2.0, 2.414)	(3.0, 0.066)	(4.0, 0.004)	(5.0, 0.0)	(6.0, 0.0)	(7.0, 0.0)	(8.0, 0.0)	(9.0, 0.0)	('>10', 0.0)	('>50', 0.0)	('>100', 0.0)	('>500', 0.0)	('>1k', 0.0)	('>5k', 0.0)	('>10k+', 0.0)
SRR8865601_R1	(1.0, 96.96896968969689)	(2.0, 2.7400274002740024)	(3.0, 0.18600186001860017)	(4.0, 0.04800048000480005)	(5.0, 0.030000300003000028)	(6.0, 0.012000120001200012)	(7.0, 0.0070000700007000075)	(8.0, 0.008000080000800007)	(9.0, 0.0)	('>10', 0.0)	('>50', 0.0)	('>100', 0.0)	('>500', 0.0)	('>1k', 0.0)	('>5k', 0.0)	('>10k+', 0.0)
SRR8865601_R2	(1.0, 97.0229702297023)	(2.0, 2.7760277602776027)	(3.0, 0.11400114001140012)	(4.0, 0.044000440004400045)	(5.0, 0.01000010000100001)	(6.0, 0.024000240002400024)	(7.0, 0.0)	(8.0, 0.0)	(9.0, 0.009000090000900008)	('>10', 0.0)	('>50', 0.0)	('>100', 0.0)	('>500', 0.0)	('>1k', 0.0)	('>5k', 0.0)	('>10k+', 0.0)
