.	Basic Statistics	Per Base Sequence Quality	Per Sequence Quality Scores	Per Base Sequence Content	Per Sequence GC Content	Per Base N Content	Sequence Length Distribution	Sequence Duplication Levels	Overrepresented Sequences	Adapter Content
SRR5898908_R1	1	1	1	0.25	0.5	1	0.5	1	1	1
SRR5898908_R2	1	0.5	1	0.25	0.5	1	0.5	1	1	1
SRR5898909_R1	1	1	1	0.5	1	1	0.5	1	1	1
SRR5898909_R2	1	0.5	1	0.25	1	1	0.5	1	1	1
SRR5898910_R1	1	1	1	0.5	0.5	1	0.5	1	1	1
SRR5898910_R2	1	1	1	0.5	0.5	1	0.5	1	1	1
SRR5898911_R1	1	1	1	0.5	0.5	1	0.5	1	1	1
SRR5898911_R2	1	0.5	1	0.25	0.5	1	0.5	1	1	1
SRR5898912_R1	1	1	1	0.5	0.5	1	0.5	1	1	1
SRR5898912_R2	1	0.5	1	0.25	0.5	1	0.5	1	1	1
SRR5898920_R1	1	1	1	0.5	0.5	1	0.5	1	1	1
SRR5898920_R2	1	1	1	0.5	1	1	0.5	1	1	1
SRR5898921_R1	1	1	1	0.5	0.5	1	0.5	1	1	1
SRR5898921_R2	1	1	1	0.5	0.5	1	0.5	1	1	1
SRR5898922_R1	1	1	1	0.5	1	1	0.5	1	1	1
SRR5898922_R2	1	1	1	0.5	1	1	0.5	1	1	1
SRR5898923_R1	1	1	1	0.5	0.5	1	0.5	1	1	1
SRR5898923_R2	1	1	1	0.5	0.5	1	0.5	1	1	1
SRR5898924_R1	1	1	1	0.5	0.5	1	0.5	1	1	1
SRR5898924_R2	1	1	1	0.25	0.5	1	0.5	1	1	1
SRR5898925_R1	1	1	1	0.5	0.5	1	0.5	1	1	1
SRR5898925_R2	1	1	1	0.25	0.5	1	0.5	1	1	1
SRR5898926_R1	1	1	1	0.5	0.5	1	0.5	1	1	1
SRR5898926_R2	1	1	1	0.25	0.5	1	0.5	1	1	1
SRR5898948_R1	1	0.5	1	0.25	1	1	0.5	1	1	1
SRR5898948_R2	1	0.5	1	0.25	1	1	0.5	1	1	1
SRR5898950_R1	1	0.5	1	0.25	1	1	0.5	1	1	1
SRR5898950_R2	1	0.5	1	0.25	1	1	0.5	1	1	1
SRR5898954_R1	1	0.5	1	0.25	0.25	1	0.5	1	1	1
SRR5898954_R2	1	0.5	1	0.25	0.5	1	0.5	1	1	1
SRR5898966_R1	1	0.5	1	0.5	0.5	1	0.5	1	1	1
SRR5898966_R2	1	0.5	1	0.5	0.5	1	0.5	1	1	1
SRR5898978_R1	1	1	1	0.5	0.5	1	0.5	1	1	1
SRR5898978_R2	1	1	1	0.5	0.5	1	0.5	1	1	1
SRR5898979_R1	1	0.5	1	0.5	0.5	1	0.5	1	1	1
SRR5898979_R2	1	0.5	1	0.5	0.5	1	0.5	1	1	1
SRR5898980_R1	1	0.5	1	0.5	1	1	0.5	1	1	1
SRR5898980_R2	1	0.5	1	0.5	1	1	0.5	1	1	1
SRR5898981_R1	1	1	1	0.5	1	1	0.5	1	1	1
SRR5898981_R2	1	1	1	0.5	1	1	0.5	1	1	1
SRR5898982_R1	1	1	1	0.5	1	1	0.5	1	1	1
SRR5898982_R2	1	1	1	0.5	1	1	0.5	1	1	1
SRR5898983_R1	1	1	1	0.25	0.5	1	0.5	1	1	1
SRR5898983_R2	1	0.5	1	0.25	0.5	1	0.5	1	1	1
SRR5898984_R1	1	0.5	1	0.5	0.5	1	0.5	1	1	1
SRR5898984_R2	1	0.5	1	0.5	0.5	1	0.5	1	1	1
SRR5898985_R1	1	1	1	0.25	1	1	0.5	1	1	1
SRR5898985_R2	1	0.5	1	0.25	1	1	0.5	1	1	1
SRR5898986_R1	1	0.5	1	0.25	0.5	1	0.5	1	1	1
SRR5898986_R2	1	0.5	1	0.25	0.5	1	0.5	1	1	1
SRR5898987_R1	1	1	1	0.5	0.5	1	0.5	1	1	1
SRR5898987_R2	1	1	1	0.5	0.5	1	0.5	1	1	1
SRR5899005_R1	1	1	1	0.5	1	1	0.5	1	1	1
SRR5899005_R2	1	0.5	1	0.5	0.5	1	0.5	1	1	1
SRR5899006_R1	1	1	1	0.5	1	1	0.5	1	1	1
SRR5899006_R2	1	0.5	1	0.5	1	1	0.5	1	1	1
SRR5899007_R1	1	1	1	0.5	0.5	1	0.5	1	1	1
SRR5899007_R2	1	0.5	1	0.25	0.5	1	0.5	1	1	1
SRR5899017_R1	1	0.5	1	0.5	1	1	0.5	1	1	1
SRR5899017_R2	1	0.5	1	0.25	1	1	0.5	1	1	1
SRR8865572_R1	1	1	1	0.25	1	1	0.5	1	1	1
SRR8865572_R2	1	1	1	0.25	0.5	1	0.5	1	1	1
SRR8865573_R1	1	1	1	0.5	1	1	0.5	1	1	1
SRR8865573_R2	1	1	1	0.25	1	1	0.5	1	1	1
SRR8865574_R1	1	1	1	0.25	1	1	0.5	1	1	1
SRR8865574_R2	1	1	1	0.25	1	1	0.5	1	1	1
SRR8865575_R1	1	1	1	0.25	1	1	0.5	1	1	1
SRR8865575_R2	1	1	1	0.25	1	1	0.5	1	1	1
SRR8865576_R1	1	1	1	0.25	1	1	0.5	1	1	1
SRR8865576_R2	1	1	1	0.25	1	1	0.5	1	1	1
SRR8865577_R1	1	0.5	1	0.5	1	1	0.5	1	1	1
SRR8865577_R2	1	0.25	1	0.25	1	1	0.5	1	1	1
SRR8865578_R1	1	1	1	0.5	0.5	1	0.5	1	1	1
SRR8865578_R2	1	1	1	0.5	0.5	1	0.5	1	1	1
SRR8865579_R1	1	1	1	0.25	1	1	0.5	1	1	1
SRR8865579_R2	1	1	1	0.25	1	1	0.5	1	1	1
SRR8865580_R1	1	1	1	0.5	1	1	0.5	1	1	1
SRR8865580_R2	1	1	1	0.5	1	1	0.5	1	1	1
SRR8865581_R1	1	1	1	0.25	1	1	0.5	1	1	1
SRR8865581_R2	1	1	1	0.25	1	1	0.5	1	1	1
SRR8865582_R1	1	0.5	1	0.5	0.5	1	0.5	1	1	1
SRR8865582_R2	1	0.25	1	0.25	0.5	1	0.5	1	1	1
SRR8865583_R1	1	0.5	1	0.25	1	1	0.5	1	1	1
SRR8865583_R2	1	0.25	1	0.25	1	1	0.5	1	1	1
SRR8865584_R1	1	0.5	1	0.5	1	1	0.5	1	1	1
SRR8865584_R2	1	0.25	1	0.5	1	1	0.5	1	1	1
SRR8865585_R1	1	0.5	1	0.25	1	1	0.5	1	1	1
SRR8865585_R2	1	0.5	1	0.25	1	1	0.5	1	1	1
SRR8865586_R1	1	1	1	0.5	1	1	0.5	1	1	1
SRR8865586_R2	1	1	1	0.5	1	1	0.5	1	1	1
SRR8865587_R1	1	1	1	0.5	0.5	1	0.5	1	1	1
SRR8865587_R2	1	1	1	0.5	0.5	1	0.5	1	1	1
SRR8865588_R1	1	1	1	0.5	1	1	0.5	1	1	1
SRR8865588_R2	1	1	1	0.25	1	1	0.5	1	1	1
SRR8865589_R1	1	0.5	1	0.25	1	1	0.5	1	1	1
SRR8865589_R2	1	0.25	1	0.25	1	1	0.5	1	1	1
SRR8865590_R1	1	1	1	0.5	1	1	0.5	1	1	1
SRR8865590_R2	1	1	1	0.25	1	1	0.5	1	1	1
SRR8865591_R1	1	0.5	1	0.25	1	1	0.5	1	1	1
SRR8865591_R2	1	0.25	1	0.25	1	1	0.5	1	1	1
SRR8865592_R1	1	0.5	1	0.25	0.5	1	0.5	1	1	1
SRR8865592_R2	1	0.25	1	0.25	0.5	1	0.5	1	1	1
SRR8865593_R1	1	1	1	0.5	1	1	0.5	1	1	1
SRR8865593_R2	1	1	1	0.5	1	1	0.5	1	1	1
SRR8865594_R1	1	1	1	0.5	0.25	1	0.5	1	1	1
SRR8865594_R2	1	1	1	0.25	0.25	1	0.5	1	1	1
SRR8865595_R1	1	1	1	0.25	1	1	0.5	1	1	1
SRR8865595_R2	1	1	1	0.25	1	1	0.5	1	1	1
SRR8865596_R1	1	1	1	0.5	0.5	1	0.5	1	1	1
SRR8865596_R2	1	1	1	0.25	0.5	1	0.5	1	1	1
SRR8865597_R1	1	0.5	1	0.25	0.25	1	0.5	1	1	1
SRR8865597_R2	1	0.25	1	0.25	0.25	1	0.5	1	1	1
SRR8865598_R1	1	0.5	1	0.25	0.5	1	0.5	1	1	1
SRR8865598_R2	1	0.25	1	0.25	0.5	1	0.5	1	1	1
SRR8865599_R1	1	1	1	0.5	1	1	0.5	1	1	1
SRR8865599_R2	1	1	1	0.5	1	1	0.5	1	1	1
SRR8865600_R1	1	1	1	0.5	0.5	1	0.5	1	1	1
SRR8865600_R2	1	1	1	0.25	0.5	1	0.5	1	1	1
SRR8865601_R1	1	1	1	0.5	1	1	0.5	1	1	1
SRR8865601_R2	1	1	1	0.5	1	1	0.5	1	1	1
