Sample	0	1	2	3	4	5	6	7	8	9	10	11	12	13
SRR5898908_R1	(24.0, 16.0)	(25.0, 260.0)	(26.0, 767.0)	(27.0, 1489.0)	(28.0, 2580.0)	(29.0, 3975.0)	(30.0, 6262.0)	(31.0, 9040.0)	(32.0, 13148.0)	(33.0, 18329.0)	(34.0, 21250.0)	(35.0, 13224.0)		
SRR5898908_R2	(22.0, 2.0)	(23.0, 38.0)	(24.0, 632.0)	(25.0, 2480.0)	(26.0, 3571.0)	(27.0, 4704.0)	(28.0, 6061.0)	(29.0, 7668.0)	(30.0, 9614.0)	(31.0, 11878.0)	(32.0, 13847.0)	(33.0, 13844.0)	(34.0, 11155.0)	(35.0, 4846.0)
SRR5898909_R1	(24.0, 18.0)	(25.0, 274.0)	(26.0, 777.0)	(27.0, 1546.0)	(28.0, 2668.0)	(29.0, 4352.0)	(30.0, 6376.0)	(31.0, 9455.0)	(32.0, 13350.0)	(33.0, 18119.0)	(34.0, 20046.0)	(35.0, 13338.0)		
SRR5898909_R2	(23.0, 22.0)	(24.0, 483.0)	(25.0, 2221.0)	(26.0, 3428.0)	(27.0, 4458.0)	(28.0, 5829.0)	(29.0, 7503.0)	(30.0, 9359.0)	(31.0, 11542.0)	(32.0, 13247.0)	(33.0, 13548.0)	(34.0, 11817.0)	(35.0, 6862.0)	
SRR5898910_R1	(24.0, 28.0)	(25.0, 509.0)	(26.0, 1341.0)	(27.0, 2416.0)	(28.0, 3956.0)	(29.0, 5671.0)	(30.0, 8029.0)	(31.0, 10723.0)	(32.0, 13717.0)	(33.0, 17148.0)	(34.0, 18204.0)	(35.0, 8937.0)		
SRR5898910_R2	(23.0, 2.0)	(24.0, 201.0)	(25.0, 1675.0)	(26.0, 2840.0)	(27.0, 3975.0)	(28.0, 5410.0)	(29.0, 6877.0)	(30.0, 8711.0)	(31.0, 10778.0)	(32.0, 13137.0)	(33.0, 14928.0)	(34.0, 15108.0)	(35.0, 7037.0)	
SRR5898911_R1	(24.0, 12.0)	(25.0, 365.0)	(26.0, 1009.0)	(27.0, 1975.0)	(28.0, 3234.0)	(29.0, 4987.0)	(30.0, 7340.0)	(31.0, 10213.0)	(32.0, 13706.0)	(33.0, 17685.0)	(34.0, 19033.0)	(35.0, 10573.0)		
SRR5898911_R2	(23.0, 38.0)	(24.0, 808.0)	(25.0, 2803.0)	(26.0, 4047.0)	(27.0, 5449.0)	(28.0, 6852.0)	(29.0, 8303.0)	(30.0, 10169.0)	(31.0, 11884.0)	(32.0, 12942.0)	(33.0, 12679.0)	(34.0, 10007.0)	(35.0, 4151.0)	
SRR5898912_R1	(24.0, 21.0)	(25.0, 264.0)	(26.0, 831.0)	(27.0, 1658.0)	(28.0, 2972.0)	(29.0, 4582.0)	(30.0, 6561.0)	(31.0, 9707.0)	(32.0, 13656.0)	(33.0, 18400.0)	(34.0, 19893.0)	(35.0, 11894.0)		
SRR5898912_R2	(23.0, 37.0)	(24.0, 692.0)	(25.0, 2675.0)	(26.0, 3859.0)	(27.0, 4982.0)	(28.0, 6273.0)	(29.0, 7944.0)	(30.0, 9582.0)	(31.0, 11570.0)	(32.0, 13161.0)	(33.0, 12854.0)	(34.0, 10895.0)	(35.0, 5915.0)	
SRR5898920_R1	(24.0, 33.0)	(25.0, 537.0)	(26.0, 1472.0)	(27.0, 2770.0)	(28.0, 4277.0)	(29.0, 6280.0)	(30.0, 8392.0)	(31.0, 11002.0)	(32.0, 14009.0)	(33.0, 16652.0)	(34.0, 18009.0)	(35.0, 9570.0)		
SRR5898920_R2	(23.0, 4.0)	(24.0, 238.0)	(25.0, 1613.0)	(26.0, 3032.0)	(27.0, 4061.0)	(28.0, 5457.0)	(29.0, 7222.0)	(30.0, 8755.0)	(31.0, 10933.0)	(32.0, 13117.0)	(33.0, 15419.0)	(34.0, 15537.0)	(35.0, 7615.0)	
SRR5898921_R1	(24.0, 32.0)	(25.0, 526.0)	(26.0, 1466.0)	(27.0, 2613.0)	(28.0, 4362.0)	(29.0, 6329.0)	(30.0, 8606.0)	(31.0, 11248.0)	(32.0, 14437.0)	(33.0, 16950.0)	(34.0, 17674.0)	(35.0, 8421.0)		
SRR5898921_R2	(22.0, 1.0)	(23.0, 5.0)	(24.0, 203.0)	(25.0, 1860.0)	(26.0, 3268.0)	(27.0, 4534.0)	(28.0, 5975.0)	(29.0, 7268.0)	(30.0, 9145.0)	(31.0, 11241.0)	(32.0, 13346.0)	(33.0, 14738.0)	(34.0, 14462.0)	(35.0, 6618.0)
SRR5898922_R1	(24.0, 30.0)	(25.0, 553.0)	(26.0, 1557.0)	(27.0, 2830.0)	(28.0, 4582.0)	(29.0, 6714.0)	(30.0, 9100.0)	(31.0, 11639.0)	(32.0, 14387.0)	(33.0, 16880.0)	(34.0, 16389.0)	(35.0, 7532.0)		
SRR5898922_R2	(23.0, 4.0)	(24.0, 240.0)	(25.0, 1827.0)	(26.0, 3367.0)	(27.0, 4671.0)	(28.0, 6019.0)	(29.0, 7660.0)	(30.0, 9483.0)	(31.0, 11520.0)	(32.0, 13375.0)	(33.0, 14651.0)	(34.0, 13472.0)	(35.0, 5904.0)	
SRR5898923_R1	(24.0, 33.0)	(25.0, 631.0)	(26.0, 1605.0)	(27.0, 2867.0)	(28.0, 4646.0)	(29.0, 6775.0)	(30.0, 9166.0)	(31.0, 11508.0)	(32.0, 14208.0)	(33.0, 16512.0)	(34.0, 16207.0)	(35.0, 7441.0)		
SRR5898923_R2	(23.0, 8.0)	(24.0, 260.0)	(25.0, 1827.0)	(26.0, 3246.0)	(27.0, 4646.0)	(28.0, 6159.0)	(29.0, 7684.0)	(30.0, 9503.0)	(31.0, 11748.0)	(32.0, 13321.0)	(33.0, 14323.0)	(34.0, 13344.0)	(35.0, 5530.0)	
SRR5898924_R1	(24.0, 23.0)	(25.0, 464.0)	(26.0, 1288.0)	(27.0, 2456.0)	(28.0, 4068.0)	(29.0, 6110.0)	(30.0, 8374.0)	(31.0, 11205.0)	(32.0, 14135.0)	(33.0, 16945.0)	(34.0, 17774.0)	(35.0, 8901.0)		
SRR5898924_R2	(23.0, 2.0)	(24.0, 209.0)	(25.0, 1935.0)	(26.0, 3503.0)	(27.0, 4770.0)	(28.0, 6039.0)	(29.0, 7528.0)	(30.0, 9320.0)	(31.0, 10941.0)	(32.0, 12955.0)	(33.0, 14181.0)	(34.0, 13818.0)	(35.0, 6542.0)	
SRR5898925_R1	(24.0, 32.0)	(25.0, 593.0)	(26.0, 1557.0)	(27.0, 2768.0)	(28.0, 4393.0)	(29.0, 6214.0)	(30.0, 8480.0)	(31.0, 11042.0)	(32.0, 14053.0)	(33.0, 16665.0)	(34.0, 18064.0)	(35.0, 9934.0)		
SRR5898925_R2	(23.0, 6.0)	(24.0, 207.0)	(25.0, 1698.0)	(26.0, 3073.0)	(27.0, 4267.0)	(28.0, 5666.0)	(29.0, 7104.0)	(30.0, 9116.0)	(31.0, 11138.0)	(32.0, 13423.0)	(33.0, 15076.0)	(34.0, 15270.0)	(35.0, 7751.0)	
SRR5898926_R1	(24.0, 23.0)	(25.0, 519.0)	(26.0, 1531.0)	(27.0, 2799.0)	(28.0, 4513.0)	(29.0, 6554.0)	(30.0, 8983.0)	(31.0, 11422.0)	(32.0, 14106.0)	(33.0, 16581.0)	(34.0, 17028.0)	(35.0, 8557.0)		
SRR5898926_R2	(23.0, 5.0)	(24.0, 213.0)	(25.0, 1931.0)	(26.0, 3667.0)	(27.0, 4700.0)	(28.0, 6142.0)	(29.0, 7561.0)	(30.0, 9180.0)	(31.0, 10930.0)	(32.0, 12838.0)	(33.0, 14361.0)	(34.0, 14183.0)	(35.0, 6905.0)	
SRR5898948_R1	(23.0, 14.0)	(24.0, 460.0)	(25.0, 2238.0)	(26.0, 4400.0)	(27.0, 6870.0)	(28.0, 9525.0)	(29.0, 12128.0)	(30.0, 13971.0)	(31.0, 14145.0)	(32.0, 12344.0)	(33.0, 8484.0)	(34.0, 4922.0)	(35.0, 1601.0)	
SRR5898948_R2	(23.0, 21.0)	(24.0, 701.0)	(25.0, 3519.0)	(26.0, 5283.0)	(27.0, 6906.0)	(28.0, 8773.0)	(29.0, 10399.0)	(30.0, 12187.0)	(31.0, 12936.0)	(32.0, 12483.0)	(33.0, 9321.0)	(34.0, 6062.0)	(35.0, 2511.0)	
SRR5898950_R1	(23.0, 10.0)	(24.0, 460.0)	(25.0, 2114.0)	(26.0, 3976.0)	(27.0, 6467.0)	(28.0, 9155.0)	(29.0, 11808.0)	(30.0, 13673.0)	(31.0, 14148.0)	(32.0, 12115.0)	(33.0, 8388.0)	(34.0, 4719.0)	(35.0, 1735.0)	
SRR5898950_R2	(23.0, 14.0)	(24.0, 736.0)	(25.0, 4008.0)	(26.0, 5468.0)	(27.0, 6983.0)	(28.0, 8485.0)	(29.0, 9852.0)	(30.0, 11202.0)	(31.0, 12202.0)	(32.0, 11635.0)	(33.0, 9426.0)	(34.0, 6071.0)	(35.0, 2686.0)	
SRR5898954_R1	(23.0, 9.0)	(24.0, 412.0)	(25.0, 2003.0)	(26.0, 3974.0)	(27.0, 6688.0)	(28.0, 9179.0)	(29.0, 11936.0)	(30.0, 13826.0)	(31.0, 14271.0)	(32.0, 12718.0)	(33.0, 8872.0)	(34.0, 5278.0)	(35.0, 1963.0)	
SRR5898954_R2	(23.0, 10.0)	(24.0, 613.0)	(25.0, 3497.0)	(26.0, 5033.0)	(27.0, 6436.0)	(28.0, 8003.0)	(29.0, 10026.0)	(30.0, 11728.0)	(31.0, 13122.0)	(32.0, 13062.0)	(33.0, 10475.0)	(34.0, 6384.0)	(35.0, 2740.0)	
SRR5898966_R1	(23.0, 10.0)	(24.0, 379.0)	(25.0, 1638.0)	(26.0, 3156.0)	(27.0, 5351.0)	(28.0, 7792.0)	(29.0, 10428.0)	(30.0, 12869.0)	(31.0, 14208.0)	(32.0, 13933.0)	(33.0, 10845.0)	(34.0, 7123.0)	(35.0, 2892.0)	
SRR5898966_R2	(23.0, 13.0)	(24.0, 645.0)	(25.0, 3317.0)	(26.0, 4695.0)	(27.0, 6014.0)	(28.0, 7380.0)	(29.0, 8891.0)	(30.0, 10726.0)	(31.0, 12130.0)	(32.0, 12890.0)	(33.0, 11355.0)	(34.0, 8243.0)	(35.0, 4325.0)	
SRR5898978_R1	(24.0, 28.0)	(25.0, 319.0)	(26.0, 783.0)	(27.0, 1611.0)	(28.0, 2593.0)	(29.0, 3724.0)	(30.0, 5384.0)	(31.0, 7925.0)	(32.0, 11765.0)	(33.0, 18184.0)	(34.0, 25266.0)	(35.0, 17281.0)		
SRR5898978_R2	(23.0, 21.0)	(24.0, 348.0)	(25.0, 1576.0)	(26.0, 2431.0)	(27.0, 3311.0)	(28.0, 4422.0)	(29.0, 5713.0)	(30.0, 7315.0)	(31.0, 9789.0)	(32.0, 13385.0)	(33.0, 17598.0)	(34.0, 18334.0)	(35.0, 10620.0)	
SRR5898979_R1	(23.0, 11.0)	(24.0, 415.0)	(25.0, 1638.0)	(26.0, 3055.0)	(27.0, 5165.0)	(28.0, 7368.0)	(29.0, 10115.0)	(30.0, 12657.0)	(31.0, 14276.0)	(32.0, 14780.0)	(33.0, 12024.0)	(34.0, 7612.0)	(35.0, 2933.0)	
SRR5898979_R2	(22.0, 1.0)	(23.0, 20.0)	(24.0, 669.0)	(25.0, 2743.0)	(26.0, 4087.0)	(27.0, 5350.0)	(28.0, 6805.0)	(29.0, 8680.0)	(30.0, 10804.0)	(31.0, 12682.0)	(32.0, 13793.0)	(33.0, 12916.0)	(34.0, 9091.0)	(35.0, 4408.0)
SRR5898980_R1	(23.0, 12.0)	(24.0, 463.0)	(25.0, 1899.0)	(26.0, 3631.0)	(27.0, 5967.0)	(28.0, 8694.0)	(29.0, 11366.0)	(30.0, 13740.0)	(31.0, 14468.0)	(32.0, 13436.0)	(33.0, 9460.0)	(34.0, 5397.0)	(35.0, 1729.0)	
SRR5898980_R2	(23.0, 18.0)	(24.0, 758.0)	(25.0, 3666.0)	(26.0, 5137.0)	(27.0, 6604.0)	(28.0, 7995.0)	(29.0, 9620.0)	(30.0, 11437.0)	(31.0, 12484.0)	(32.0, 12582.0)	(33.0, 10412.0)	(34.0, 6733.0)	(35.0, 2816.0)	
SRR5898981_R1	(24.0, 17.0)	(25.0, 363.0)	(26.0, 1071.0)	(27.0, 2053.0)	(28.0, 3497.0)	(29.0, 5177.0)	(30.0, 7597.0)	(31.0, 10467.0)	(32.0, 14346.0)	(33.0, 18572.0)	(34.0, 20725.0)	(35.0, 9876.0)		
SRR5898981_R2	(23.0, 7.0)	(24.0, 458.0)	(25.0, 2370.0)	(26.0, 3651.0)	(27.0, 4870.0)	(28.0, 6158.0)	(29.0, 7746.0)	(30.0, 9555.0)	(31.0, 11451.0)	(32.0, 13927.0)	(33.0, 15420.0)	(34.0, 12847.0)	(35.0, 5301.0)	
SRR5898982_R1	(24.0, 18.0)	(25.0, 327.0)	(26.0, 922.0)	(27.0, 1718.0)	(28.0, 2951.0)	(29.0, 4394.0)	(30.0, 6243.0)	(31.0, 9339.0)	(32.0, 13016.0)	(33.0, 18107.0)	(34.0, 22935.0)	(35.0, 13869.0)		
SRR5898982_R2	(23.0, 11.0)	(24.0, 347.0)	(25.0, 2117.0)	(26.0, 3425.0)	(27.0, 4332.0)	(28.0, 5470.0)	(29.0, 6607.0)	(30.0, 8230.0)	(31.0, 10307.0)	(32.0, 13150.0)	(33.0, 16130.0)	(34.0, 15370.0)	(35.0, 8343.0)	
SRR5898983_R1	(24.0, 34.0)	(25.0, 339.0)	(26.0, 869.0)	(27.0, 1571.0)	(28.0, 2680.0)	(29.0, 4113.0)	(30.0, 6101.0)	(31.0, 8886.0)	(32.0, 13147.0)	(33.0, 19826.0)	(34.0, 25492.0)	(35.0, 11902.0)		
SRR5898983_R2	(22.0, 1.0)	(23.0, 9.0)	(24.0, 376.0)	(25.0, 2154.0)	(26.0, 3222.0)	(27.0, 4296.0)	(28.0, 5361.0)	(29.0, 6765.0)	(30.0, 8593.0)	(31.0, 11353.0)	(32.0, 14572.0)	(33.0, 17878.0)	(34.0, 15292.0)	(35.0, 5088.0)
SRR5898984_R1	(23.0, 10.0)	(24.0, 295.0)	(25.0, 1418.0)	(26.0, 3011.0)	(27.0, 5086.0)	(28.0, 7484.0)	(29.0, 10022.0)	(30.0, 12428.0)	(31.0, 14185.0)	(32.0, 13981.0)	(33.0, 11402.0)	(34.0, 7429.0)	(35.0, 2951.0)	
SRR5898984_R2	(23.0, 11.0)	(24.0, 660.0)	(25.0, 3344.0)	(26.0, 4752.0)	(27.0, 5987.0)	(28.0, 7403.0)	(29.0, 8914.0)	(30.0, 10358.0)	(31.0, 11794.0)	(32.0, 12177.0)	(33.0, 11150.0)	(34.0, 8694.0)	(35.0, 4458.0)	
SRR5898985_R1	(24.0, 10.0)	(25.0, 335.0)	(26.0, 936.0)	(27.0, 1755.0)	(28.0, 2934.0)	(29.0, 4514.0)	(30.0, 6225.0)	(31.0, 8984.0)	(32.0, 12849.0)	(33.0, 18210.0)	(34.0, 22816.0)	(35.0, 15294.0)		
SRR5898985_R2	(23.0, 15.0)	(24.0, 287.0)	(25.0, 1497.0)	(26.0, 2434.0)	(27.0, 3373.0)	(28.0, 4541.0)	(29.0, 6046.0)	(30.0, 7785.0)	(31.0, 10458.0)	(32.0, 14319.0)	(33.0, 17326.0)	(34.0, 16999.0)	(35.0, 9782.0)	
SRR5898986_R1	(23.0, 9.0)	(24.0, 359.0)	(25.0, 1549.0)	(26.0, 3118.0)	(27.0, 5250.0)	(28.0, 7478.0)	(29.0, 10227.0)	(30.0, 12245.0)	(31.0, 14321.0)	(32.0, 14299.0)	(33.0, 12121.0)	(34.0, 7969.0)	(35.0, 3246.0)	
SRR5898986_R2	(23.0, 16.0)	(24.0, 615.0)	(25.0, 2771.0)	(26.0, 4001.0)	(27.0, 5357.0)	(28.0, 6767.0)	(29.0, 8519.0)	(30.0, 10737.0)	(31.0, 12644.0)	(32.0, 13674.0)	(33.0, 13031.0)	(34.0, 9476.0)	(35.0, 4583.0)	
SRR5898987_R1	(24.0, 17.0)	(25.0, 353.0)	(26.0, 989.0)	(27.0, 1760.0)	(28.0, 2981.0)	(29.0, 4522.0)	(30.0, 6784.0)	(31.0, 9639.0)	(32.0, 13633.0)	(33.0, 19030.0)	(34.0, 22528.0)	(35.0, 11734.0)		
SRR5898987_R2	(23.0, 13.0)	(24.0, 403.0)	(25.0, 2045.0)	(26.0, 3235.0)	(27.0, 4044.0)	(28.0, 5311.0)	(29.0, 6863.0)	(30.0, 8589.0)	(31.0, 10941.0)	(32.0, 14061.0)	(33.0, 16684.0)	(34.0, 14887.0)	(35.0, 6894.0)	
SRR5899005_R1	(24.0, 15.0)	(25.0, 252.0)	(26.0, 688.0)	(27.0, 1382.0)	(28.0, 2386.0)	(29.0, 3814.0)	(30.0, 5676.0)	(31.0, 8677.0)	(32.0, 12690.0)	(33.0, 18692.0)	(34.0, 21870.0)	(35.0, 13950.0)		
SRR5899005_R2	(23.0, 25.0)	(24.0, 554.0)	(25.0, 2338.0)	(26.0, 3285.0)	(27.0, 4454.0)	(28.0, 5687.0)	(29.0, 7303.0)	(30.0, 9217.0)	(31.0, 11567.0)	(32.0, 13724.0)	(33.0, 14200.0)	(34.0, 12013.0)	(35.0, 5725.0)	
SRR5899006_R1	(24.0, 17.0)	(25.0, 286.0)	(26.0, 805.0)	(27.0, 1663.0)	(28.0, 2654.0)	(29.0, 4269.0)	(30.0, 6372.0)	(31.0, 9328.0)	(32.0, 13400.0)	(33.0, 18861.0)	(34.0, 21667.0)	(35.0, 11881.0)		
SRR5899006_R2	(23.0, 42.0)	(24.0, 637.0)	(25.0, 2428.0)	(26.0, 3577.0)	(27.0, 4647.0)	(28.0, 6301.0)	(29.0, 7645.0)	(30.0, 9942.0)	(31.0, 12478.0)	(32.0, 14348.0)	(33.0, 14084.0)	(34.0, 10838.0)	(35.0, 4236.0)	
SRR5899007_R1	(24.0, 12.0)	(25.0, 247.0)	(26.0, 763.0)	(27.0, 1528.0)	(28.0, 2669.0)	(29.0, 4310.0)	(30.0, 6566.0)	(31.0, 9794.0)	(32.0, 13507.0)	(33.0, 18455.0)	(34.0, 20906.0)	(35.0, 11631.0)		
SRR5899007_R2	(23.0, 24.0)	(24.0, 724.0)	(25.0, 2705.0)	(26.0, 3935.0)	(27.0, 5173.0)	(28.0, 6520.0)	(29.0, 8089.0)	(30.0, 9825.0)	(31.0, 12036.0)	(32.0, 13600.0)	(33.0, 13271.0)	(34.0, 10156.0)	(35.0, 4330.0)	
SRR5899017_R1	(23.0, 20.0)	(24.0, 686.0)	(25.0, 3183.0)	(26.0, 6060.0)	(27.0, 9340.0)	(28.0, 12077.0)	(29.0, 13613.0)	(30.0, 13902.0)	(31.0, 11965.0)	(32.0, 8769.0)	(33.0, 5028.0)	(34.0, 2081.0)	(35.0, 506.0)	
SRR5899017_R2	(23.0, 10.0)	(24.0, 926.0)	(25.0, 4691.0)	(26.0, 7010.0)	(27.0, 8588.0)	(28.0, 10196.0)	(29.0, 11684.0)	(30.0, 12076.0)	(31.0, 11616.0)	(32.0, 9850.0)	(33.0, 6411.0)	(34.0, 3170.0)	(35.0, 1002.0)	
SRR8865572_R1	(26.0, 1.0)	(27.0, 26.0)	(28.0, 597.0)	(29.0, 1635.0)	(30.0, 2742.0)	(31.0, 4965.0)	(32.0, 9190.0)	(33.0, 18262.0)	(34.0, 38657.0)	(35.0, 23925.0)				
SRR8865572_R2	(26.0, 2.0)	(27.0, 155.0)	(28.0, 1851.0)	(29.0, 3616.0)	(30.0, 5057.0)	(31.0, 7307.0)	(32.0, 10694.0)	(33.0, 17922.0)	(34.0, 33928.0)	(35.0, 19468.0)				
SRR8865573_R1	(27.0, 24.0)	(28.0, 493.0)	(29.0, 1316.0)	(30.0, 2433.0)	(31.0, 4285.0)	(32.0, 8244.0)	(33.0, 16563.0)	(34.0, 39185.0)	(35.0, 27457.0)					
SRR8865573_R2	(26.0, 2.0)	(27.0, 158.0)	(28.0, 2091.0)	(29.0, 4308.0)	(30.0, 5697.0)	(31.0, 7408.0)	(32.0, 10414.0)	(33.0, 16881.0)	(34.0, 31205.0)	(35.0, 21836.0)				
SRR8865574_R1	(27.0, 33.0)	(28.0, 875.0)	(29.0, 2463.0)	(30.0, 4032.0)	(31.0, 6932.0)	(32.0, 12204.0)	(33.0, 22627.0)	(34.0, 34349.0)	(35.0, 16485.0)					
SRR8865574_R2	(26.0, 16.0)	(27.0, 364.0)	(28.0, 2138.0)	(29.0, 4180.0)	(30.0, 6331.0)	(31.0, 9865.0)	(32.0, 15503.0)	(33.0, 23850.0)	(34.0, 28294.0)	(35.0, 9459.0)				
SRR8865575_R1	(27.0, 39.0)	(28.0, 600.0)	(29.0, 1587.0)	(30.0, 2969.0)	(31.0, 4918.0)	(32.0, 8951.0)	(33.0, 17719.0)	(34.0, 38190.0)	(35.0, 25023.0)					
SRR8865575_R2	(26.0, 5.0)	(27.0, 208.0)	(28.0, 1687.0)	(29.0, 3478.0)	(30.0, 4785.0)	(31.0, 7067.0)	(32.0, 11050.0)	(33.0, 18930.0)	(34.0, 34252.0)	(35.0, 18534.0)				
SRR8865576_R1	(27.0, 19.0)	(28.0, 490.0)	(29.0, 1395.0)	(30.0, 2341.0)	(31.0, 4103.0)	(32.0, 7522.0)	(33.0, 15701.0)	(34.0, 38174.0)	(35.0, 30255.0)					
SRR8865576_R2	(26.0, 1.0)	(27.0, 127.0)	(28.0, 1599.0)	(29.0, 3195.0)	(30.0, 4518.0)	(31.0, 6455.0)	(32.0, 9323.0)	(33.0, 16809.0)	(34.0, 33977.0)	(35.0, 23996.0)				
SRR8865577_R1	(27.0, 43.0)	(28.0, 1320.0)	(29.0, 5056.0)	(30.0, 10334.0)	(31.0, 17296.0)	(32.0, 21824.0)	(33.0, 20090.0)	(34.0, 13982.0)	(35.0, 10054.0)					
SRR8865577_R2	(27.0, 218.0)	(28.0, 5346.0)	(29.0, 12926.0)	(30.0, 15947.0)	(31.0, 17823.0)	(32.0, 16407.0)	(33.0, 12808.0)	(34.0, 10800.0)	(35.0, 7724.0)					
SRR8865578_R1	(27.0, 29.0)	(28.0, 469.0)	(29.0, 1357.0)	(30.0, 2502.0)	(31.0, 4381.0)	(32.0, 8147.0)	(33.0, 16528.0)	(34.0, 37937.0)	(35.0, 28648.0)					
SRR8865578_R2	(26.0, 2.0)	(27.0, 128.0)	(28.0, 1957.0)	(29.0, 3933.0)	(30.0, 5411.0)	(31.0, 7161.0)	(32.0, 10342.0)	(33.0, 16514.0)	(34.0, 31128.0)	(35.0, 23422.0)				
SRR8865579_R1	(27.0, 18.0)	(28.0, 581.0)	(29.0, 1599.0)	(30.0, 2865.0)	(31.0, 5117.0)	(32.0, 9293.0)	(33.0, 18727.0)	(34.0, 38716.0)	(35.0, 23082.0)					
SRR8865579_R2	(26.0, 3.0)	(27.0, 142.0)	(28.0, 1871.0)	(29.0, 3907.0)	(30.0, 5414.0)	(31.0, 7302.0)	(32.0, 10910.0)	(33.0, 18027.0)	(34.0, 33104.0)	(35.0, 19318.0)				
SRR8865580_R1	(27.0, 15.0)	(28.0, 602.0)	(29.0, 1844.0)	(30.0, 3418.0)	(31.0, 6143.0)	(32.0, 10560.0)	(33.0, 19113.0)	(34.0, 35746.0)	(35.0, 22558.0)					
SRR8865580_R2	(27.0, 161.0)	(28.0, 1899.0)	(29.0, 3853.0)	(30.0, 5366.0)	(31.0, 7609.0)	(32.0, 10887.0)	(33.0, 17902.0)	(34.0, 32538.0)	(35.0, 19784.0)					
SRR8865581_R1	(27.0, 33.0)	(28.0, 573.0)	(29.0, 1831.0)	(30.0, 3421.0)	(31.0, 5983.0)	(32.0, 10536.0)	(33.0, 18969.0)	(34.0, 36324.0)	(35.0, 22327.0)					
SRR8865581_R2	(26.0, 2.0)	(27.0, 141.0)	(28.0, 2140.0)	(29.0, 4383.0)	(30.0, 5806.0)	(31.0, 7983.0)	(32.0, 11215.0)	(33.0, 18046.0)	(34.0, 31598.0)	(35.0, 18683.0)				
SRR8865582_R1	(27.0, 57.0)	(28.0, 1448.0)	(29.0, 5421.0)	(30.0, 10814.0)	(31.0, 16854.0)	(32.0, 20833.0)	(33.0, 19069.0)	(34.0, 14866.0)	(35.0, 10638.0)					
SRR8865582_R2	(26.0, 1.0)	(27.0, 193.0)	(28.0, 5515.0)	(29.0, 13210.0)	(30.0, 15808.0)	(31.0, 16833.0)	(32.0, 15804.0)	(33.0, 12841.0)	(34.0, 11839.0)	(35.0, 7956.0)				
SRR8865583_R1	(27.0, 45.0)	(28.0, 1569.0)	(29.0, 5539.0)	(30.0, 11011.0)	(31.0, 17515.0)	(32.0, 21357.0)	(33.0, 19106.0)	(34.0, 13880.0)	(35.0, 9978.0)					
SRR8865583_R2	(26.0, 3.0)	(27.0, 245.0)	(28.0, 5865.0)	(29.0, 13875.0)	(30.0, 16363.0)	(31.0, 17307.0)	(32.0, 15563.0)	(33.0, 12220.0)	(34.0, 10994.0)	(35.0, 7565.0)				
SRR8865584_R1	(27.0, 47.0)	(28.0, 1508.0)	(29.0, 5633.0)	(30.0, 11289.0)	(31.0, 18266.0)	(32.0, 22904.0)	(33.0, 20442.0)	(34.0, 12463.0)	(35.0, 7448.0)					
SRR8865584_R2	(26.0, 1.0)	(27.0, 220.0)	(28.0, 5962.0)	(29.0, 14494.0)	(30.0, 17646.0)	(31.0, 18475.0)	(32.0, 16539.0)	(33.0, 12232.0)	(34.0, 8746.0)	(35.0, 5685.0)				
SRR8865585_R1	(26.0, 1.0)	(27.0, 43.0)	(28.0, 1078.0)	(29.0, 4040.0)	(30.0, 8289.0)	(31.0, 14478.0)	(32.0, 20935.0)	(33.0, 22717.0)	(34.0, 16677.0)	(35.0, 11742.0)				
SRR8865585_R2	(26.0, 2.0)	(27.0, 168.0)	(28.0, 3835.0)	(29.0, 10055.0)	(30.0, 13666.0)	(31.0, 17039.0)	(32.0, 18208.0)	(33.0, 15544.0)	(34.0, 12421.0)	(35.0, 9062.0)				
SRR8865586_R1	(27.0, 17.0)	(28.0, 276.0)	(29.0, 862.0)	(30.0, 1446.0)	(31.0, 2424.0)	(32.0, 4421.0)	(33.0, 9892.0)	(34.0, 31531.0)	(35.0, 49131.0)					
SRR8865586_R2	(26.0, 6.0)	(27.0, 84.0)	(28.0, 815.0)	(29.0, 1836.0)	(30.0, 2535.0)	(31.0, 3645.0)	(32.0, 5636.0)	(33.0, 10146.0)	(34.0, 25247.0)	(35.0, 50050.0)				
SRR8865587_R1	(27.0, 13.0)	(28.0, 239.0)	(29.0, 705.0)	(30.0, 1299.0)	(31.0, 2189.0)	(32.0, 4151.0)	(33.0, 9453.0)	(34.0, 32560.0)	(35.0, 49391.0)					
SRR8865587_R2	(25.0, 1.0)	(26.0, 3.0)	(27.0, 63.0)	(28.0, 966.0)	(29.0, 1979.0)	(30.0, 2851.0)	(31.0, 3866.0)	(32.0, 5764.0)	(33.0, 10438.0)	(34.0, 25517.0)	(35.0, 48552.0)			
SRR8865588_R1	(27.0, 13.0)	(28.0, 534.0)	(29.0, 1895.0)	(30.0, 3734.0)	(31.0, 6570.0)	(32.0, 11618.0)	(33.0, 19751.0)	(34.0, 34503.0)	(35.0, 21382.0)					
SRR8865588_R2	(26.0, 1.0)	(27.0, 129.0)	(28.0, 2262.0)	(29.0, 4643.0)	(30.0, 6158.0)	(31.0, 8254.0)	(32.0, 11611.0)	(33.0, 17985.0)	(34.0, 30034.0)	(35.0, 18923.0)				
SRR8865589_R1	(27.0, 67.0)	(28.0, 1329.0)	(29.0, 4795.0)	(30.0, 9943.0)	(31.0, 16856.0)	(32.0, 22097.0)	(33.0, 20998.0)	(34.0, 14214.0)	(35.0, 9701.0)					
SRR8865589_R2	(26.0, 3.0)	(27.0, 282.0)	(28.0, 5866.0)	(29.0, 13516.0)	(30.0, 16228.0)	(31.0, 18149.0)	(32.0, 16715.0)	(33.0, 12681.0)	(34.0, 10060.0)	(35.0, 6500.0)				
SRR8865590_R1	(26.0, 1.0)	(27.0, 17.0)	(28.0, 484.0)	(29.0, 1282.0)	(30.0, 2198.0)	(31.0, 3874.0)	(32.0, 7112.0)	(33.0, 14702.0)	(34.0, 36494.0)	(35.0, 33836.0)				
SRR8865590_R2	(26.0, 2.0)	(27.0, 173.0)	(28.0, 1718.0)	(29.0, 3417.0)	(30.0, 4719.0)	(31.0, 6417.0)	(32.0, 9194.0)	(33.0, 15424.0)	(34.0, 31723.0)	(35.0, 27213.0)				
SRR8865591_R1	(27.0, 43.0)	(28.0, 1119.0)	(29.0, 3962.0)	(30.0, 8754.0)	(31.0, 15559.0)	(32.0, 21842.0)	(33.0, 21784.0)	(34.0, 15295.0)	(35.0, 11641.0)					
SRR8865591_R2	(26.0, 1.0)	(27.0, 208.0)	(28.0, 5044.0)	(29.0, 12031.0)	(30.0, 15082.0)	(31.0, 17314.0)	(32.0, 16962.0)	(33.0, 13439.0)	(34.0, 11185.0)	(35.0, 8733.0)				
SRR8865592_R1	(27.0, 47.0)	(28.0, 1741.0)	(29.0, 6361.0)	(30.0, 12761.0)	(31.0, 20761.0)	(32.0, 24569.0)	(33.0, 19585.0)	(34.0, 9434.0)	(35.0, 4732.0)					
SRR8865592_R2	(26.0, 1.0)	(27.0, 381.0)	(28.0, 8428.0)	(29.0, 17527.0)	(30.0, 19846.0)	(31.0, 19695.0)	(32.0, 15783.0)	(33.0, 9517.0)	(34.0, 5644.0)	(35.0, 3169.0)				
SRR8865593_R1	(27.0, 19.0)	(28.0, 387.0)	(29.0, 1323.0)	(30.0, 2527.0)	(31.0, 4622.0)	(32.0, 8558.0)	(33.0, 16575.0)	(34.0, 36461.0)	(35.0, 29527.0)					
SRR8865593_R2	(26.0, 2.0)	(27.0, 141.0)	(28.0, 1962.0)	(29.0, 3812.0)	(30.0, 5160.0)	(31.0, 6986.0)	(32.0, 9965.0)	(33.0, 16705.0)	(34.0, 31274.0)	(35.0, 23992.0)				
SRR8865594_R1	(27.0, 47.0)	(28.0, 680.0)	(29.0, 2069.0)	(30.0, 3725.0)	(31.0, 6346.0)	(32.0, 10954.0)	(33.0, 19852.0)	(34.0, 36506.0)	(35.0, 19821.0)					
SRR8865594_R2	(26.0, 3.0)	(27.0, 176.0)	(28.0, 1935.0)	(29.0, 4096.0)	(30.0, 5555.0)	(31.0, 7868.0)	(32.0, 11639.0)	(33.0, 19194.0)	(34.0, 32769.0)	(35.0, 16765.0)				
SRR8865595_R1	(27.0, 15.0)	(28.0, 385.0)	(29.0, 1135.0)	(30.0, 2134.0)	(31.0, 3824.0)	(32.0, 7286.0)	(33.0, 15739.0)	(34.0, 39545.0)	(35.0, 29937.0)					
SRR8865595_R2	(25.0, 1.0)	(26.0, 0.0)	(27.0, 151.0)	(28.0, 2184.0)	(29.0, 4270.0)	(30.0, 5606.0)	(31.0, 7473.0)	(32.0, 10588.0)	(33.0, 16593.0)	(34.0, 31347.0)	(35.0, 21787.0)			
SRR8865596_R1	(27.0, 32.0)	(28.0, 481.0)	(29.0, 1231.0)	(30.0, 2234.0)	(31.0, 4033.0)	(32.0, 7408.0)	(33.0, 16157.0)	(34.0, 38856.0)	(35.0, 29568.0)					
SRR8865596_R2	(26.0, 2.0)	(27.0, 161.0)	(28.0, 1884.0)	(29.0, 3687.0)	(30.0, 4928.0)	(31.0, 6813.0)	(32.0, 9742.0)	(33.0, 16044.0)	(34.0, 32904.0)	(35.0, 23835.0)				
SRR8865597_R1	(27.0, 41.0)	(28.0, 1428.0)	(29.0, 5375.0)	(30.0, 11034.0)	(31.0, 18081.0)	(32.0, 22637.0)	(33.0, 20241.0)	(34.0, 12899.0)	(35.0, 8263.0)					
SRR8865597_R2	(27.0, 276.0)	(28.0, 6056.0)	(29.0, 14235.0)	(30.0, 16948.0)	(31.0, 18117.0)	(32.0, 16711.0)	(33.0, 12316.0)	(34.0, 9173.0)	(35.0, 6167.0)					
SRR8865598_R1	(27.0, 49.0)	(28.0, 1553.0)	(29.0, 5597.0)	(30.0, 11046.0)	(31.0, 17521.0)	(32.0, 21439.0)	(33.0, 19497.0)	(34.0, 13510.0)	(35.0, 9783.0)					
SRR8865598_R2	(25.0, 1.0)	(26.0, 4.0)	(27.0, 290.0)	(28.0, 6239.0)	(29.0, 13503.0)	(30.0, 16186.0)	(31.0, 17836.0)	(32.0, 16093.0)	(33.0, 12249.0)	(34.0, 10222.0)	(35.0, 7372.0)			
SRR8865599_R1	(27.0, 21.0)	(28.0, 443.0)	(29.0, 1406.0)	(30.0, 2720.0)	(31.0, 5112.0)	(32.0, 9458.0)	(33.0, 18008.0)	(34.0, 37052.0)	(35.0, 25780.0)					
SRR8865599_R2	(26.0, 2.0)	(27.0, 147.0)	(28.0, 2224.0)	(29.0, 4575.0)	(30.0, 5940.0)	(31.0, 8054.0)	(32.0, 11144.0)	(33.0, 17223.0)	(34.0, 29698.0)	(35.0, 20993.0)				
SRR8865600_R1	(26.0, 1.0)	(27.0, 25.0)	(28.0, 624.0)	(29.0, 2059.0)	(30.0, 3790.0)	(31.0, 6548.0)	(32.0, 11134.0)	(33.0, 19834.0)	(34.0, 35684.0)	(35.0, 20301.0)				
SRR8865600_R2	(26.0, 3.0)	(27.0, 179.0)	(28.0, 1878.0)	(29.0, 3817.0)	(30.0, 5511.0)	(31.0, 7636.0)	(32.0, 11378.0)	(33.0, 18920.0)	(34.0, 33084.0)	(35.0, 17594.0)				
SRR8865601_R1	(27.0, 19.0)	(28.0, 546.0)	(29.0, 1908.0)	(30.0, 3430.0)	(31.0, 6222.0)	(32.0, 10902.0)	(33.0, 19702.0)	(34.0, 35223.0)	(35.0, 22047.0)					
SRR8865601_R2	(26.0, 2.0)	(27.0, 173.0)	(28.0, 1823.0)	(29.0, 3824.0)	(30.0, 5416.0)	(31.0, 7359.0)	(32.0, 10921.0)	(33.0, 18152.0)	(34.0, 32957.0)	(35.0, 19372.0)				
