Sample	0	1	2	3	4	5	6	7	8	9	10	11	12	13	14	15	16	17	18	19	20	21	22	23	24	25	26	27	28	29	30	31	32	33	34	35
SRR5898910_R1 - nextera_transposase_sequence	(1, 0.0)	(2, 0.0)	(3, 0.0)	(4, 0.0)	(5, 0.0)	(6, 0.0)	(7, 0.0)	(8, 0.0)	(9, 0.0)	(10, 0.0)	(15, 0.0)	(20, 0.0)	(25, 0.0)	(30, 0.0)	(35, 0.0)	(40, 0.0)	(45, 0.0)	(50, 0.0030878152604241335)	(55, 0.009484004014159837)	(60, 0.01301293574035885)	(65, 0.016321309233670415)	(70, 0.024702522083393068)	(75, 0.0370537831250896)	(80, 0.04389108834460018)	(85, 0.0480816947694615)	(90, 0.0538162088245349)	(95, 0.060212397578270606)	(100, 0.06550579516756913)	(105, 0.07190198392130483)	(110, 0.07587203211327873)	(115, 0.0816065461683521)	(120, 0.09020831725096219)	(125, 0.0983689718677974)	(130, 0.1082940923477321)	(135, 0.11248469877259341)	(140, 0.11248469877259343)
SRR5898910_R1 - polyg	(1, 0.0)	(2, 0.0)	(3, 0.0)	(4, 0.0)	(5, 0.0)	(6, 0.0)	(7, 0.0)	(8, 0.0)	(9, 0.0)	(10, 0.0)	(15, 0.0)	(20, 0.0)	(25, 0.0)	(30, 0.0)	(35, 0.0)	(40, 0.0)	(45, 0.0)	(50, 0.0)	(55, 0.0)	(60, 0.0)	(65, 0.0)	(70, 0.0)	(75, 0.0)	(80, 0.0)	(85, 0.0)	(90, 0.0)	(95, 0.0)	(100, 0.0)	(105, 0.0)	(110, 0.0)	(115, 0.0)	(120, 0.0011027911644371905)	(125, 0.006837305219510581)	(130, 0.03550987549487754)	(135, 0.07278421685285458)	(140, 0.10035399596378433)
SRR5898911_R1 - nextera_transposase_sequence	(1, 0.0)	(2, 0.0)	(3, 0.0)	(4, 0.0)	(5, 0.0)	(6, 0.0)	(7, 0.0)	(8, 0.0)	(9, 0.0)	(10, 0.0)	(15, 0.0)	(20, 0.0)	(25, 0.0)	(30, 0.0)	(35, 0.0)	(40, 0.0)	(45, 0.0)	(50, 0.0017751741889672924)	(55, 0.005325522566901877)	(60, 0.009319664492078284)	(65, 0.01176052900190831)	(70, 0.01708605156881019)	(75, 0.022411574135712063)	(80, 0.025740025740025742)	(85, 0.02951227089158124)	(90, 0.03417210313762038)	(95, 0.039275728930901345)	(100, 0.04726401278125417)	(105, 0.0536990192162606)	(110, 0.05991212887764612)	(115, 0.0730040385212799)	(120, 0.08010473527714908)	(125, 0.08587405139129277)	(130, 0.09474992233612924)	(135, 0.10850752230062574)	(140, 0.10983890294235121)
SRR5898923_R1 - nextera_transposase_sequence	(1, 0.0)	(2, 0.0)	(3, 0.0)	(4, 0.0)	(5, 0.0)	(6, 0.0)	(7, 0.0)	(8, 0.0)	(9, 0.0)	(10, 0.0)	(15, 0.0)	(20, 0.0)	(25, 0.0)	(30, 0.0006550289850325876)	(35, 0.0010917149750543128)	(40, 0.0010917149750543128)	(45, 0.001528400965076038)	(50, 0.006768632845336739)	(55, 0.014192294675706065)	(60, 0.020087555540999356)	(65, 0.023362700466162296)	(70, 0.026637845391325233)	(75, 0.034061507221694556)	(80, 0.04235854103210734)	(85, 0.05742420768785685)	(90, 0.06790467144837826)	(95, 0.07598336226378016)	(100, 0.0886472559744102)	(105, 0.09912771973493159)	(110, 0.10655138156530093)	(115, 0.1165951593358006)	(120, 0.12925905304643065)	(125, 0.1427963187371041)	(130, 0.1532767824976255)	(135, 0.16550399021823384)	(140, 0.16594067620825556)
SRR5898923_R1 - polyg	(1, 0.0)	(2, 0.0)	(3, 0.0)	(4, 0.0)	(5, 0.0)	(6, 0.0)	(7, 0.0)	(8, 0.0)	(9, 0.0)	(10, 0.0)	(15, 0.0)	(20, 0.0)	(25, 0.0)	(30, 0.0)	(35, 0.0)	(40, 0.0010917149750543128)	(45, 0.0010917149750543128)	(50, 0.0010917149750543128)	(55, 0.0010917149750543128)	(60, 0.0010917149750543128)	(65, 0.0010917149750543128)	(70, 0.0010917149750543128)	(75, 0.0010917149750543128)	(80, 0.0010917149750543128)	(85, 0.0010917149750543128)	(90, 0.0010917149750543128)	(95, 0.0010917149750543128)	(100, 0.0010917149750543128)	(105, 0.0010917149750543128)	(110, 0.0028384589351412135)	(115, 0.004366859900217251)	(120, 0.004585202895228114)	(125, 0.01026212076551054)	(130, 0.03624493717180319)	(135, 0.08209696612408432)	(140, 0.10807978253037696)
SRR5898948_R1 - nextera_transposase_sequence	(1, 0.0)	(2, 0.0)	(3, 0.0)	(4, 0.0)	(5, 0.0)	(6, 0.0)	(7, 0.0)	(8, 0.0)	(9, 0.0)	(10, 0.0)	(15, 0.0)	(20, 0.0)	(25, 0.0)	(30, 0.0)	(35, 0.0)	(40, 0.0)	(45, 0.0)	(50, 0.0)	(55, 0.0013172048912208293)	(60, 0.004390682970736098)	(65, 0.007244626901714563)	(70, 0.008781365941472196)	(75, 0.01075717327830344)	(80, 0.014489253803429122)	(85, 0.021953414853680492)	(90, 0.025246427081732564)	(95, 0.03293012228052074)	(100, 0.04588263704419222)	(105, 0.05224912735175956)	(110, 0.07090952997738799)	(115, 0.08671598867203793)	(120, 0.10296151566376151)	(125, 0.11459682553621216)	(130, 0.14313626484599679)	(135, 0.16772408948211898)	(140, 0.16904129437333978)
SRR5898950_R1 - nextera_transposase_sequence	(1, 0.0)	(2, 0.0)	(3, 0.0)	(4, 0.0)	(5, 0.0)	(6, 0.0)	(7, 0.0)	(8, 0.0)	(9, 0.0)	(10, 0.0)	(15, 0.0)	(20, 0.0)	(25, 0.0)	(30, 0.0)	(35, 0.0)	(40, 0.0)	(45, 0.0)	(50, 0.0)	(55, 0.0015771449170872386)	(60, 0.0022530641672674837)	(65, 0.005407354001441961)	(70, 0.008786950252343186)	(75, 0.01239185291997116)	(80, 0.012617159336697908)	(85, 0.013518385003604902)	(90, 0.017348594087959624)	(95, 0.023657173756308575)	(100, 0.02726207642393655)	(105, 0.03649963950973324)	(110, 0.04303352559480894)	(115, 0.05745313626532084)	(120, 0.07007029560201875)	(125, 0.08539113193943763)	(130, 0.10409156452775774)	(135, 0.12594628695025234)	(140, 0.12729812545061284)
SRR5898954_R1 - nextera_transposase_sequence	(1, 0.0)	(2, 0.0)	(3, 0.0)	(4, 0.0)	(5, 0.0)	(6, 0.0)	(7, 0.0)	(8, 0.0)	(9, 0.0)	(10, 0.0)	(15, 0.0)	(20, 0.0)	(25, 0.0)	(30, 0.0)	(35, 0.0)	(40, 0.0)	(45, 0.0)	(50, 0.0008778764169474042)	(55, 0.0010973455211842553)	(60, 0.0019752219381316593)	(65, 0.00416991298050017)	(70, 0.005706196710158128)	(75, 0.00833982596100034)	(80, 0.011192924316079406)	(85, 0.015582306400816422)	(90, 0.019971688485553446)	(95, 0.02721416892536953)	(100, 0.0318230201143434)	(105, 0.04016284607534374)	(110, 0.0528920541210811)	(115, 0.06869382962613438)	(120, 0.07922834662950322)	(125, 0.0937133075091354)	(130, 0.10819826838876759)	(135, 0.12729208045737359)	(140, 0.12838942597855788)
SRR5898966_R1 - nextera_transposase_sequence	(1, 0.0)	(2, 0.0)	(3, 0.0)	(4, 0.0)	(5, 0.0)	(6, 0.0)	(7, 0.0)	(8, 0.0)	(9, 0.0)	(10, 0.0)	(15, 0.0)	(20, 0.0)	(25, 0.0)	(30, 0.0)	(35, 0.0)	(40, 0.0)	(45, 0.0)	(50, 0.0006620762711864406)	(55, 0.003310381355932203)	(60, 0.004413841807909605)	(65, 0.005517302259887006)	(70, 0.007724223163841809)	(75, 0.00971045197740113)	(80, 0.013462217514124294)	(85, 0.01588983050847458)	(90, 0.0200829802259887)	(95, 0.026924435028248588)	(100, 0.03509004237288136)	(105, 0.04457980225988701)	(110, 0.06002824858757062)	(115, 0.07790430790960452)	(120, 0.09202860169491525)	(125, 0.11034604519774012)	(130, 0.12447033898305086)	(135, 0.14344985875706215)	(140, 0.14455331920903955)
SRR5898979_R1 - nextera_transposase_sequence	(1, 0.0)	(2, 0.0)	(3, 0.0)	(4, 0.0)	(5, 0.0)	(6, 0.0)	(7, 0.0)	(8, 0.0)	(9, 0.0)	(10, 0.0)	(15, 0.0)	(20, 0.0)	(25, 0.0)	(30, 0.0)	(35, 0.0)	(40, 0.0)	(45, 0.0)	(50, 0.0004345511629675499)	(55, 0.0010863779074188748)	(60, 0.001955480233353975)	(65, 0.004997338374126824)	(70, 0.008039196514899673)	(75, 0.011732881400123846)	(80, 0.014774739540896697)	(85, 0.021075731403926174)	(90, 0.027376723266955644)	(95, 0.03476409303740399)	(100, 0.04388966745972254)	(105, 0.05540527327836261)	(110, 0.06431357211919739)	(115, 0.0797401384045454)	(120, 0.09581853143434475)	(125, 0.11298330237156298)	(130, 0.14036002563851863)	(135, 0.17034405588327955)	(140, 0.1716477093721822)
SRR5898980_R1 - nextera_transposase_sequence	(1, 0.0)	(2, 0.0)	(3, 0.0)	(4, 0.0)	(5, 0.0)	(6, 0.0)	(7, 0.0)	(8, 0.0)	(9, 0.0)	(10, 0.0)	(15, 0.0)	(20, 0.0)	(25, 0.0)	(30, 0.0)	(35, 0.0)	(40, 0.0)	(45, 0.0)	(50, 0.0)	(55, 0.0006647315592386608)	(60, 0.002215771864128869)	(65, 0.003766812169019078)	(70, 0.005982584033147946)	(75, 0.006647315592386608)	(80, 0.009749396202167025)	(85, 0.012186745252708782)	(90, 0.016839866167379404)	(95, 0.0237087589461789)	(100, 0.03035607453856551)	(105, 0.03899758480866809)	(110, 0.0491901353836609)	(115, 0.06735946466951762)	(120, 0.07865990117657486)	(125, 0.09461345859830271)	(130, 0.11632802286676565)	(135, 0.13050896279719043)	(140, 0.13183842591566772)
SRR5898984_R1 - nextera_transposase_sequence	(1, 0.0)	(2, 0.0)	(3, 0.0)	(4, 0.0)	(5, 0.0)	(6, 0.0)	(7, 0.0)	(8, 0.0)	(9, 0.0)	(10, 0.0)	(15, 0.0)	(20, 0.0)	(25, 0.0)	(30, 0.0)	(35, 0.0)	(40, 0.0)	(45, 0.0)	(50, 0.0020066442219794428)	(55, 0.004236248913067712)	(60, 0.00445920938217654)	(65, 0.004682169851285367)	(70, 0.007803616418808945)	(75, 0.010702102517223696)	(80, 0.019174600343359126)	(85, 0.024971572540188624)	(90, 0.033444070366324054)	(95, 0.04102472631602417)	(100, 0.047936500858397804)	(105, 0.05819268243740385)	(110, 0.07335399433680409)	(115, 0.0949811598403603)	(120, 0.10925062986332523)	(125, 0.12664154645381376)	(130, 0.15339680274687298)	(135, 0.17502396825042923)	(140, 0.17613877059597333)
SRR5898986_R1 - nextera_transposase_sequence	(1, 0.0)	(2, 0.0)	(3, 0.0)	(4, 0.0)	(5, 0.0)	(6, 0.0)	(7, 0.0)	(8, 0.0)	(9, 0.0)	(10, 0.0)	(15, 0.0)	(20, 0.0)	(25, 0.0)	(30, 0.0)	(35, 0.0)	(40, 0.0)	(45, 0.0)	(50, 0.001735527329131911)	(55, 0.0041218774066882884)	(60, 0.009545400310225511)	(65, 0.012799514052347843)	(70, 0.014751982297621244)	(75, 0.01540280504604571)	(80, 0.023863500775563776)	(85, 0.031022551008232906)	(90, 0.03774771940861906)	(95, 0.048811706131835)	(100, 0.057055460945211564)	(105, 0.06421451117788071)	(110, 0.08699330737273704)	(115, 0.10456552158019763)	(120, 0.11975138571010187)	(125, 0.14144547732425075)	(130, 0.16075321886084323)	(135, 0.18461671963640702)	(140, 0.18656918788168042)
SRR5899006_R1 - nextera_transposase_sequence	(1, 0.0)	(2, 0.0)	(3, 0.0)	(4, 0.0)	(5, 0.0)	(6, 0.0)	(7, 0.0)	(8, 0.0)	(9, 0.0)	(10, 0.0)	(15, 0.0)	(20, 0.0)	(25, 0.0)	(30, 0.0)	(35, 0.0)	(40, 0.0)	(45, 0.0)	(50, 0.0026314923851189103)	(55, 0.0076751861232634885)	(60, 0.013596043989781037)	(65, 0.019516901856298584)	(70, 0.02499917765862965)	(75, 0.028946416236308014)	(80, 0.03618302029538502)	(85, 0.04868260912469985)	(90, 0.05635779524796334)	(95, 0.062278653114480886)	(100, 0.07126958543030382)	(105, 0.07609398813635515)	(110, 0.08552350251636459)	(115, 0.10197032992335778)	(120, 0.11161913533546046)	(125, 0.11753999320197801)	(130, 0.1313553282238523)	(135, 0.14626711840619278)	(140, 0.1469249915024725)
SRR5899017_R1 - nextera_transposase_sequence	(1, 0.0)	(2, 0.0)	(3, 0.0)	(4, 0.0)	(5, 0.0)	(6, 0.0)	(7, 0.0)	(8, 0.0)	(9, 0.0)	(10, 0.0)	(15, 0.0)	(20, 0.0)	(25, 0.0)	(30, 0.0)	(35, 0.0)	(40, 0.0)	(45, 0.0)	(50, 0.0)	(55, 0.0)	(60, 0.0009171156712140319)	(65, 0.0011463945890175398)	(70, 0.0022927891780350797)	(75, 0.005273415109480683)	(80, 0.009171156712140319)	(85, 0.010776109136764874)	(90, 0.01467385073942451)	(95, 0.018571592342084144)	(100, 0.02499140204058237)	(105, 0.030952653903473577)	(110, 0.03989453169781039)	(115, 0.053880545683824374)	(120, 0.06672016508082082)	(125, 0.08231113149145937)	(130, 0.10294623409377508)	(135, 0.1325232144904276)	(140, 0.13412816691505217)
SRR8865582_R1 - nextera_transposase_sequence	(1, 0.0)	(2, 0.0)	(3, 0.0)	(4, 0.0)	(5, 0.0)	(6, 0.0)	(7, 0.0)	(8, 0.0)	(9, 0.0)	(10, 0.0)	(15, 0.0)	(20, 0.0)	(25, 0.0)	(30, 0.0)	(35, 0.0)	(40, 0.0)	(45, 0.0)	(50, 0.0)	(55, 0.0)	(60, 0.0)	(65, 0.0)	(70, 0.0004)	(75, 0.001)	(80, 0.002)	(85, 0.004)	(90, 0.0078)	(95, 0.013799999999999998)	(100, 0.022)	(105, 0.029599999999999998)	(110, 0.037000000000000005)	(115, 0.0504)	(120, 0.0606)	(125, 0.0708)	(130, 0.08659999999999998)	(135, 0.1)	(140, 0.1)
