Sample	fastqc-percent_duplicates	fastqc-percent_gc	fastqc-avg_sequence_length	fastqc-median_sequence_length	fastqc-percent_fails	fastqc-total_sequences
SRR5898908_R1	1.0183750276732297	46.0	131.48764666814256	151	10.0	0.09033999999999999
SRR5898908_R2	0.9674562762895675	46.0	131.331813150321	151	10.0	0.09033999999999999
SRR5898909_R1	1.2489066530851858	46.0	129.90462693342485	151	0.0	0.090319
SRR5898909_R2	1.1835826348830238	46.0	129.7313411353093	151	10.0	0.090319
SRR5898910_R1	0.8888496785363742	46.0	129.10520627708732	151	0.0	0.090679
SRR5898910_R2	0.940680863264916	46.0	128.63256101192118	151	0.0	0.090679
SRR5898911_R1	1.6142990280921339	45.0	131.661263480229	151	0.0	0.09013199999999999
SRR5898911_R2	1.481160963919578	45.0	131.44785425819907	151	10.0	0.09013199999999999
SRR5898912_R1	1.4595473191875215	45.0	132.54329437521423	151	0.0	0.09043899999999999
SRR5898912_R2	1.3843585178960467	45.0	132.39687524187573	151	10.0	0.09043899999999999
SRR5898920_R1	0.7655667021493855	46.0	135.21493930303325	151	0.0	0.093003
SRR5898920_R2	0.7569648290915296	46.0	134.86525165854866	151	0.0	0.093003
SRR5898921_R1	0.9043425710092379	48.0	135.7082362082362	151	0.0	0.092664
SRR5898921_R2	0.9011050677717378	48.0	135.31409177242512	151	0.0	0.092664
SRR5898922_R1	0.7788009935678417	45.0	134.58536982200383	151	0.0	0.092193
SRR5898922_R2	0.809172062954886	45.0	134.17808293471305	151	0.0	0.092193
SRR5898923_R1	0.9355997336215438	45.0	130.07865806395267	151	0.0	0.091599
SRR5898923_R2	0.9083068592451866	45.0	129.52747300734725	151	0.0	0.091599
SRR5898924_R1	0.9483012327916072	46.0	135.18373063884982	151	0.0	0.09174299999999999
SRR5898924_R2	0.8938011619415107	46.0	134.84428239756713	151	10.0	0.09174299999999999
SRR5898925_R1	1.1887627272242725	46.0	135.19384828615597	151	0.0	0.09379499999999999
SRR5898925_R2	1.2623274161735765	46.0	134.84808358654513	151	10.0	0.09379499999999999
SRR5898926_R1	0.8475857303273671	46.0	138.07397209985317	151	0.0	0.09261599999999999
SRR5898926_R2	0.8562235466874029	46.0	137.8261639457545	151	10.0	0.09261599999999999
SRR5898948_R1	1.0076617417839344	45.0	140.56006454303966	151	10.0	0.091102
SRR5898948_R2	1.1295031942218543	45.0	140.19916137955258	151	10.0	0.091102
SRR5898950_R1	0.9079848594087991	47.0	141.78399873828405	151	10.0	0.088768
SRR5898950_R2	1.0780912040374915	47.0	141.53173440879596	151	10.0	0.088768
SRR5898954_R1	14.320359051454531	43.0	141.64738996367785	151	20.0	0.091129
SRR5898954_R2	14.728571585335075	43.0	141.3953077505514	151	10.0	0.091129
SRR5898966_R1	1.260151836158201	48.0	138.69870012358757	151	0.0	0.090624
SRR5898966_R2	1.3484286723163876	48.0	138.40705552612994	151	0.0	0.090624
SRR5898978_R1	1.8700652519949728	51.0	132.91571002392925	151	0.0	0.09486299999999999
SRR5898978_R2	1.7878414134066958	51.0	132.7361668933093	151	0.0	0.09486299999999999
SRR5898979_R1	1.45574639594129	48.0	139.03646970635205	151	0.0	0.09204899999999999
SRR5898979_R2	1.6578126867212006	49.0	138.6985953133657	151	0.0	0.09204899999999999
SRR5898980_R1	0.9472424719150894	51.0	141.07017349493697	151	0.0	0.090262
SRR5898980_R2	1.1355830803660467	51.0	140.78269925328487	151	0.0	0.090262
SRR5898981_R1	1.0228133232367327	48.0	140.64391378078307	151	0.0	0.093761
SRR5898981_R2	0.9780185791533853	48.0	140.539136741289	151	0.0	0.093761
SRR5898982_R1	1.1541043702511757	49.0	138.46957022133654	151	0.0	0.09383899999999999
SRR5898982_R2	1.1232003751105708	49.0	138.38111019938404	151	0.0	0.09383899999999999
SRR5898983_R1	4.272325189553499	54.0	143.27031381634373	151	10.0	0.09495999999999999
SRR5898983_R2	3.9953664700926765	54.0	143.2068555181129	151	10.0	0.09495999999999999
SRR5898984_R1	1.4815723172281565	48.0	137.4882722793249	151	0.0	0.08970199999999999
SRR5898984_R2	1.5963969588191986	48.0	137.15031994827316	151	0.0	0.08970199999999999
SRR5898985_R1	2.892622968101037	43.0	132.02999093419916	151	10.0	0.094862
SRR5898985_R2	2.7597984440555763	43.0	131.8256625413759	151	10.0	0.094862
SRR5898986_R1	1.5250946404746628	49.0	137.44961004870325	151	10.0	0.092191
SRR5898986_R2	1.730103806228385	49.0	137.06167630245903	151	10.0	0.092191
SRR5898987_R1	1.0769394487602426	52.0	138.9401617537512	151	0.0	0.09397
SRR5898987_R2	0.9896775566670186	52.0	138.81143982121955	151	0.0	0.09397
SRR5899005_R1	0.96234959818851	46.0	130.42800692625318	151	0.0	0.09009199999999999
SRR5899005_R2	0.900190915952578	46.0	130.27147804466546	151	0.0	0.09009199999999999
SRR5899006_R1	1.0262820301963842	46.0	131.40743177307763	151	0.0	0.09120299999999999
SRR5899006_R2	0.9550124447660693	46.0	131.18860125215178	151	0.0	0.09120299999999999
SRR5899007_R1	1.6882772049387	45.0	133.94002522458734	151	0.0	0.090388
SRR5899007_R2	1.5676859760145163	45.0	133.81521883435855	151	10.0	0.090388
SRR5899017_R1	0.7061790668348067	48.0	144.82266422102487	151	0.0	0.08723
SRR5899017_R2	0.8655279147082382	48.0	144.56095380029805	151	10.0	0.08723
SRR8865572_R1	1.3739999999999952	47.0	143.3975	150	10.0	0.09999999999999999
SRR8865572_R2	1.3299999999999983	47.0	143.39284	150	10.0	0.09999999999999999
SRR8865573_R1	0.9449999999999932	48.0	142.17952	150	0.0	0.09999999999999999
SRR8865573_R2	0.9839999999999947	48.0	142.17352	150	10.0	0.09999999999999999
SRR8865574_R1	4.77300000000001	42.0	140.2683	150	10.0	0.09999999999999999
SRR8865574_R2	4.742999999999995	42.0	140.22552	150	10.0	0.09999999999999999
SRR8865575_R1	1.3040521620864922	46.0	143.1508260330413	150	10.0	0.099996
SRR8865575_R2	1.2420496819872824	46.0	143.14146565862634	150	10.0	0.099996
SRR8865576_R1	4.692999999999998	42.0	141.26696	150	10.0	0.09999999999999999
SRR8865576_R2	4.806999999999988	42.0	141.2585	150	10.0	0.09999999999999999
SRR8865577_R1	1.1060110601106032	49.0	134.580020800208	150	0.0	0.09999899999999999
SRR8865577_R2	1.0860108601086012	49.0	134.4090390903909	150	20.0	0.09999899999999999
SRR8865578_R1	1.155023100462003	49.0	141.32225644512891	150	0.0	0.09999799999999999
SRR8865578_R2	1.1310226204523985	49.0	141.31579631592632	150	0.0	0.09999799999999999
SRR8865579_R1	1.225024500490008	47.0	142.9690093801876	150	10.0	0.09999799999999999
SRR8865579_R2	1.2000240004799991	47.0	142.96816936338726	150	10.0	0.09999799999999999
SRR8865580_R1	1.0790107901079011	49.0	142.51058010580107	150	0.0	0.09999899999999999
SRR8865580_R2	1.050010500105003	49.0	142.50366003660037	150	0.0	0.09999899999999999
SRR8865581_R1	1.2200366010980304	47.0	143.0698770963129	150	10.0	0.09999699999999999
SRR8865581_R2	1.2000360010800364	47.0	143.06581697450923	150	10.0	0.09999699999999999
SRR8865582_R1	1.4159999999999968	48.0	131.58418	150	0.0	0.09999999999999999
SRR8865582_R2	1.3739999999999952	48.0	131.2962	150	20.0	0.09999999999999999
SRR8865583_R1	1.0330000000000013	47.0	133.27826	150	10.0	0.09999999999999999
SRR8865583_R2	1.0260000000000105	47.0	133.03886	150	20.0	0.09999999999999999
SRR8865584_R1	1.3260000000000076	51.0	138.55784	150	0.0	0.09999999999999999
SRR8865584_R2	1.2959999999999923	51.0	138.38004	150	10.0	0.09999999999999999
SRR8865585_R1	1.3179999999999978	49.0	134.67174	150	10.0	0.09999999999999999
SRR8865585_R2	1.2129999999999939	49.0	134.50792	150	10.0	0.09999999999999999
SRR8865586_R1	1.4789999999999992	51.0	131.702	150	0.0	0.09999999999999999
SRR8865586_R2	1.4920000000000044	51.0	131.68716	150	0.0	0.09999999999999999
SRR8865587_R1	3.703000000000003	50.0	136.62756	150	0.0	0.09999999999999999
SRR8865587_R2	3.7630000000000052	50.0	136.61806	150	0.0	0.09999999999999999
SRR8865588_R1	2.048000000000002	49.0	142.5472	150	0.0	0.09999999999999999
SRR8865588_R2	2.034000000000006	49.0	142.53812	150	10.0	0.09999999999999999
SRR8865589_R1	1.365000000000009	46.0	135.971	150	10.0	0.09999999999999999
SRR8865589_R2	1.3050000000000068	46.0	135.82466	150	20.0	0.09999999999999999
SRR8865590_R1	1.0870000000000033	46.0	138.36906	150	0.0	0.09999999999999999
SRR8865590_R2	1.0660000000000025	46.0	138.36062	150	10.0	0.09999999999999999
SRR8865591_R1	1.6600166001660028	46.0	135.14128641286413	150	10.0	0.09999899999999999
SRR8865591_R2	1.6480164801647987	46.0	134.99812498124982	150	20.0	0.09999899999999999
SRR8865592_R1	1.8641677750997587	44.0	143.00124511206008	150	10.0	0.099991
SRR8865592_R2	1.8131631846866156	44.0	142.88015421387925	150	20.0	0.099991
SRR8865593_R1	1.739017390173899	46.0	140.0210352103521	150	0.0	0.09999899999999999
SRR8865593_R2	1.7560175601756072	46.0	140.01751517515174	150	0.0	0.09999899999999999
SRR8865594_R1	1.1929999999999978	47.0	143.10216	150	10.0	0.09999999999999999
SRR8865594_R2	1.1200000000000045	47.0	143.09848	150	20.0	0.09999999999999999
SRR8865595_R1	2.703000000000003	45.0	143.97836	150	10.0	0.09999999999999999
SRR8865595_R2	2.6240000000000094	45.0	143.97784	150	10.0	0.09999999999999999
SRR8865596_R1	4.551000000000002	49.0	141.84188	150	0.0	0.09999999999999999
SRR8865596_R2	4.457999999999998	50.0	141.83374	150	10.0	0.09999999999999999
SRR8865597_R1	2.408024080240807	45.0	138.8009030090301	150	20.0	0.09999899999999999
SRR8865597_R2	2.317023170231707	45.0	138.66980169801698	150	30.0	0.09999899999999999
SRR8865598_R1	2.4711235561778153	45.0	135.6556777838892	150	10.0	0.099995
SRR8865598_R2	2.5171258562928074	45.0	135.4694484724236	150	20.0	0.099995
SRR8865599_R1	3.448999999999998	49.0	141.57884	150	0.0	0.09999999999999999
SRR8865599_R2	3.3640000000000043	49.0	141.56878	150	0.0	0.09999999999999999
SRR8865600_R1	1.2469999999999999	49.0	143.80548	150	0.0	0.09999999999999999
SRR8865600_R2	1.2540000000000049	49.0	143.79888	150	10.0	0.09999999999999999
SRR8865601_R1	1.5770157701577006	49.0	142.0212352123521	150	0.0	0.09999899999999999
SRR8865601_R2	1.5330153301533045	49.0	142.00645506455064	150	0.0	0.09999899999999999
