Sample	0	1	2	3	4	5	6	7	8	9	10	11	12	13	14	15	16	17	18	19	20	21
SRR5898908_1	(18.0, 1.0)	(19.0, 6.0)	(20.0, 21.0)	(21.0, 61.0)	(22.0, 115.0)	(23.0, 252.0)	(24.0, 470.0)	(25.0, 906.0)	(26.0, 1517.0)	(27.0, 2278.0)	(28.0, 3314.0)	(29.0, 4661.0)	(30.0, 6848.0)	(31.0, 9615.0)	(32.0, 13694.0)	(33.0, 19045.0)	(34.0, 22444.0)	(35.0, 14752.0)				
SRR5898908_2	(14.0, 9.0)	(15.0, 27.0)	(16.0, 65.0)	(17.0, 77.0)	(18.0, 166.0)	(19.0, 255.0)	(20.0, 352.0)	(21.0, 597.0)	(22.0, 970.0)	(23.0, 1492.0)	(24.0, 2178.0)	(25.0, 2990.0)	(26.0, 3816.0)	(27.0, 4969.0)	(28.0, 6196.0)	(29.0, 7787.0)	(30.0, 9674.0)	(31.0, 12015.0)	(32.0, 14112.0)	(33.0, 14417.0)	(34.0, 12188.0)	(35.0, 5648.0)
SRR5898909_1	(19.0, 6.0)	(20.0, 19.0)	(21.0, 52.0)	(22.0, 91.0)	(23.0, 246.0)	(24.0, 477.0)	(25.0, 912.0)	(26.0, 1523.0)	(27.0, 2304.0)	(28.0, 3362.0)	(29.0, 4976.0)	(30.0, 6871.0)	(31.0, 9934.0)	(32.0, 13857.0)	(33.0, 18762.0)	(34.0, 21306.0)	(35.0, 15302.0)					
SRR5898909_2	(14.0, 4.0)	(15.0, 16.0)	(16.0, 47.0)	(17.0, 76.0)	(18.0, 130.0)	(19.0, 184.0)	(20.0, 315.0)	(21.0, 474.0)	(22.0, 822.0)	(23.0, 1339.0)	(24.0, 2004.0)	(25.0, 2702.0)	(26.0, 3668.0)	(27.0, 4709.0)	(28.0, 5939.0)	(29.0, 7663.0)	(30.0, 9484.0)	(31.0, 11666.0)	(32.0, 13381.0)	(33.0, 14090.0)	(34.0, 13059.0)	(35.0, 8228.0)
SRR5898910_1	(18.0, 1.0)	(19.0, 14.0)	(20.0, 24.0)	(21.0, 80.0)	(22.0, 166.0)	(23.0, 362.0)	(24.0, 679.0)	(25.0, 1313.0)	(26.0, 2056.0)	(27.0, 3120.0)	(28.0, 4561.0)	(29.0, 6178.0)	(30.0, 8512.0)	(31.0, 11245.0)	(32.0, 14338.0)	(33.0, 17998.0)	(34.0, 19514.0)	(35.0, 9839.0)				
SRR5898910_2	(14.0, 1.0)	(15.0, 3.0)	(16.0, 20.0)	(17.0, 34.0)	(18.0, 52.0)	(19.0, 115.0)	(20.0, 221.0)	(21.0, 393.0)	(22.0, 638.0)	(23.0, 1081.0)	(24.0, 1734.0)	(25.0, 2444.0)	(26.0, 3191.0)	(27.0, 4285.0)	(28.0, 5601.0)	(29.0, 7014.0)	(30.0, 8832.0)	(31.0, 10983.0)	(32.0, 13476.0)	(33.0, 15601.0)	(34.0, 16316.0)	(35.0, 7965.0)
SRR5898911_1	(18.0, 5.0)	(19.0, 21.0)	(20.0, 50.0)	(21.0, 121.0)	(22.0, 178.0)	(23.0, 410.0)	(24.0, 718.0)	(25.0, 1213.0)	(26.0, 1970.0)	(27.0, 2936.0)	(28.0, 4125.0)	(29.0, 5629.0)	(30.0, 7891.0)	(31.0, 10712.0)	(32.0, 14227.0)	(33.0, 18296.0)	(34.0, 19990.0)	(35.0, 11508.0)				
SRR5898911_2	(14.0, 6.0)	(15.0, 34.0)	(16.0, 69.0)	(17.0, 108.0)	(18.0, 180.0)	(19.0, 271.0)	(20.0, 456.0)	(21.0, 686.0)	(22.0, 1258.0)	(23.0, 1716.0)	(24.0, 2631.0)	(25.0, 3460.0)	(26.0, 4385.0)	(27.0, 5674.0)	(28.0, 7018.0)	(29.0, 8358.0)	(30.0, 10201.0)	(31.0, 11899.0)	(32.0, 13097.0)	(33.0, 13044.0)	(34.0, 10790.0)	(35.0, 4659.0)
SRR5898912_1	(17.0, 1.0)	(18.0, 2.0)	(19.0, 9.0)	(20.0, 12.0)	(21.0, 61.0)	(22.0, 128.0)	(23.0, 259.0)	(24.0, 547.0)	(25.0, 1018.0)	(26.0, 1640.0)	(27.0, 2531.0)	(28.0, 3824.0)	(29.0, 5252.0)	(30.0, 7185.0)	(31.0, 10285.0)	(32.0, 14219.0)	(33.0, 19092.0)	(34.0, 20941.0)	(35.0, 12994.0)			
SRR5898912_2	(14.0, 11.0)	(15.0, 45.0)	(16.0, 63.0)	(17.0, 119.0)	(18.0, 175.0)	(19.0, 273.0)	(20.0, 417.0)	(21.0, 624.0)	(22.0, 1019.0)	(23.0, 1646.0)	(24.0, 2296.0)	(25.0, 3198.0)	(26.0, 4094.0)	(27.0, 5144.0)	(28.0, 6404.0)	(29.0, 8075.0)	(30.0, 9657.0)	(31.0, 11687.0)	(32.0, 13394.0)	(33.0, 13244.0)	(34.0, 11740.0)	(35.0, 6675.0)
SRR5898920_1	(17.0, 1.0)	(18.0, 6.0)	(19.0, 7.0)	(20.0, 20.0)	(21.0, 70.0)	(22.0, 198.0)	(23.0, 379.0)	(24.0, 783.0)	(25.0, 1356.0)	(26.0, 2146.0)	(27.0, 3421.0)	(28.0, 4801.0)	(29.0, 6692.0)	(30.0, 8740.0)	(31.0, 11360.0)	(32.0, 14357.0)	(33.0, 17115.0)	(34.0, 18556.0)	(35.0, 9992.0)			
SRR5898920_2	(14.0, 2.0)	(15.0, 5.0)	(16.0, 13.0)	(17.0, 32.0)	(18.0, 45.0)	(19.0, 102.0)	(20.0, 181.0)	(21.0, 374.0)	(22.0, 618.0)	(23.0, 1069.0)	(24.0, 1705.0)	(25.0, 2304.0)	(26.0, 3334.0)	(27.0, 4289.0)	(28.0, 5569.0)	(29.0, 7322.0)	(30.0, 8827.0)	(31.0, 11041.0)	(32.0, 13282.0)	(33.0, 15767.0)	(34.0, 16082.0)	(35.0, 8037.0)
SRR5898921_1	(18.0, 1.0)	(19.0, 6.0)	(20.0, 24.0)	(21.0, 58.0)	(22.0, 186.0)	(23.0, 344.0)	(24.0, 760.0)	(25.0, 1382.0)	(26.0, 2256.0)	(27.0, 3396.0)	(28.0, 4932.0)	(29.0, 6907.0)	(30.0, 9006.0)	(31.0, 11599.0)	(32.0, 14769.0)	(33.0, 17371.0)	(34.0, 18227.0)	(35.0, 8776.0)				
SRR5898921_2	(14.0, 1.0)	(15.0, 8.0)	(16.0, 19.0)	(17.0, 28.0)	(18.0, 58.0)	(19.0, 89.0)	(20.0, 195.0)	(21.0, 422.0)	(22.0, 743.0)	(23.0, 1208.0)	(24.0, 1859.0)	(25.0, 2700.0)	(26.0, 3567.0)	(27.0, 4756.0)	(28.0, 6113.0)	(29.0, 7350.0)	(30.0, 9182.0)	(31.0, 11312.0)	(32.0, 13493.0)	(33.0, 14998.0)	(34.0, 14932.0)	(35.0, 6967.0)
SRR5898922_1	(17.0, 1.0)	(18.0, 1.0)	(19.0, 6.0)	(20.0, 15.0)	(21.0, 63.0)	(22.0, 178.0)	(23.0, 381.0)	(24.0, 724.0)	(25.0, 1420.0)	(26.0, 2317.0)	(27.0, 3585.0)	(28.0, 5202.0)	(29.0, 7186.0)	(30.0, 9487.0)	(31.0, 12032.0)	(32.0, 14845.0)	(33.0, 17460.0)	(34.0, 17112.0)	(35.0, 7985.0)			
SRR5898922_2	(14.0, 1.0)	(15.0, 8.0)	(16.0, 22.0)	(17.0, 28.0)	(18.0, 56.0)	(19.0, 94.0)	(20.0, 200.0)	(21.0, 371.0)	(22.0, 740.0)	(23.0, 1184.0)	(24.0, 1807.0)	(25.0, 2643.0)	(26.0, 3662.0)	(27.0, 4888.0)	(28.0, 6188.0)	(29.0, 7740.0)	(30.0, 9539.0)	(31.0, 11663.0)	(32.0, 13580.0)	(33.0, 15042.0)	(34.0, 14162.0)	(35.0, 6382.0)
SRR5898923_1	(18.0, 1.0)	(19.0, 8.0)	(20.0, 29.0)	(21.0, 63.0)	(22.0, 186.0)	(23.0, 402.0)	(24.0, 828.0)	(25.0, 1504.0)	(26.0, 2350.0)	(27.0, 3561.0)	(28.0, 5232.0)	(29.0, 7221.0)	(30.0, 9617.0)	(31.0, 12003.0)	(32.0, 14777.0)	(33.0, 17227.0)	(34.0, 17097.0)	(35.0, 7894.0)				
SRR5898923_2	(15.0, 8.0)	(16.0, 19.0)	(17.0, 18.0)	(18.0, 40.0)	(19.0, 106.0)	(20.0, 185.0)	(21.0, 374.0)	(22.0, 695.0)	(23.0, 1175.0)	(24.0, 1812.0)	(25.0, 2678.0)	(26.0, 3617.0)	(27.0, 4947.0)	(28.0, 6360.0)	(29.0, 7773.0)	(30.0, 9596.0)	(31.0, 11935.0)	(32.0, 13626.0)	(33.0, 14901.0)	(34.0, 14147.0)	(35.0, 5988.0)	
SRR5898924_1	(18.0, 2.0)	(19.0, 4.0)	(20.0, 16.0)	(21.0, 60.0)	(22.0, 152.0)	(23.0, 339.0)	(24.0, 728.0)	(25.0, 1280.0)	(26.0, 2128.0)	(27.0, 3345.0)	(28.0, 4880.0)	(29.0, 6741.0)	(30.0, 8905.0)	(31.0, 11616.0)	(32.0, 14548.0)	(33.0, 17435.0)	(34.0, 18442.0)	(35.0, 9379.0)				
SRR5898924_2	(15.0, 5.0)	(16.0, 13.0)	(17.0, 16.0)	(18.0, 43.0)	(19.0, 129.0)	(20.0, 245.0)	(21.0, 473.0)	(22.0, 839.0)	(23.0, 1407.0)	(24.0, 2074.0)	(25.0, 2855.0)	(26.0, 3750.0)	(27.0, 4978.0)	(28.0, 6160.0)	(29.0, 7602.0)	(30.0, 9378.0)	(31.0, 11013.0)	(32.0, 13124.0)	(33.0, 14527.0)	(34.0, 14376.0)	(35.0, 6993.0)	
SRR5898925_1	(17.0, 1.0)	(18.0, 0.0)	(19.0, 5.0)	(20.0, 15.0)	(21.0, 59.0)	(22.0, 166.0)	(23.0, 360.0)	(24.0, 714.0)	(25.0, 1331.0)	(26.0, 2228.0)	(27.0, 3369.0)	(28.0, 4877.0)	(29.0, 6604.0)	(30.0, 8789.0)	(31.0, 11331.0)	(32.0, 14357.0)	(33.0, 17035.0)	(34.0, 18519.0)	(35.0, 10240.0)			
SRR5898925_2	(15.0, 4.0)	(16.0, 12.0)	(17.0, 16.0)	(18.0, 42.0)	(19.0, 88.0)	(20.0, 174.0)	(21.0, 333.0)	(22.0, 627.0)	(23.0, 1014.0)	(24.0, 1628.0)	(25.0, 2407.0)	(26.0, 3336.0)	(27.0, 4493.0)	(28.0, 5735.0)	(29.0, 7196.0)	(30.0, 9147.0)	(31.0, 11190.0)	(32.0, 13540.0)	(33.0, 15300.0)	(34.0, 15666.0)	(35.0, 8052.0)	
SRR5898926_1	(18.0, 1.0)	(19.0, 3.0)	(20.0, 14.0)	(21.0, 83.0)	(22.0, 171.0)	(23.0, 359.0)	(24.0, 815.0)	(25.0, 1420.0)	(26.0, 2408.0)	(27.0, 3601.0)	(28.0, 5216.0)	(29.0, 7041.0)	(30.0, 9373.0)	(31.0, 11703.0)	(32.0, 14362.0)	(33.0, 16907.0)	(34.0, 17551.0)	(35.0, 8972.0)				
SRR5898926_2	(15.0, 5.0)	(16.0, 13.0)	(17.0, 20.0)	(18.0, 42.0)	(19.0, 115.0)	(20.0, 225.0)	(21.0, 420.0)	(22.0, 790.0)	(23.0, 1217.0)	(24.0, 2032.0)	(25.0, 2773.0)	(26.0, 3883.0)	(27.0, 4895.0)	(28.0, 6225.0)	(29.0, 7621.0)	(30.0, 9250.0)	(31.0, 10982.0)	(32.0, 12960.0)	(33.0, 14539.0)	(34.0, 14608.0)	(35.0, 7385.0)	
SRR5898948_1	(19.0, 7.0)	(20.0, 38.0)	(21.0, 140.0)	(22.0, 405.0)	(23.0, 1014.0)	(24.0, 1993.0)	(25.0, 3661.0)	(26.0, 5680.0)	(27.0, 7933.0)	(28.0, 10253.0)	(29.0, 12528.0)	(30.0, 14194.0)	(31.0, 14255.0)	(32.0, 12459.0)	(33.0, 8602.0)	(34.0, 5091.0)	(35.0, 1747.0)					
SRR5898948_2	(14.0, 3.0)	(15.0, 12.0)	(16.0, 27.0)	(17.0, 43.0)	(18.0, 83.0)	(19.0, 214.0)	(20.0, 356.0)	(21.0, 747.0)	(22.0, 1229.0)	(23.0, 2115.0)	(24.0, 3086.0)	(25.0, 4236.0)	(26.0, 5598.0)	(27.0, 7106.0)	(28.0, 8935.0)	(29.0, 10457.0)	(30.0, 12173.0)	(31.0, 12861.0)	(32.0, 12440.0)	(33.0, 9352.0)	(34.0, 6208.0)	(35.0, 2719.0)
SRR5898950_1	(18.0, 1.0)	(19.0, 12.0)	(20.0, 71.0)	(21.0, 223.0)	(22.0, 549.0)	(23.0, 1189.0)	(24.0, 2272.0)	(25.0, 3825.0)	(26.0, 5626.0)	(27.0, 7893.0)	(28.0, 10142.0)	(29.0, 12348.0)	(30.0, 13988.0)	(31.0, 14328.0)	(32.0, 12217.0)	(33.0, 8506.0)	(34.0, 4900.0)	(35.0, 1910.0)				
SRR5898950_2	(14.0, 2.0)	(15.0, 18.0)	(16.0, 29.0)	(17.0, 39.0)	(18.0, 107.0)	(19.0, 262.0)	(20.0, 626.0)	(21.0, 1093.0)	(22.0, 1811.0)	(23.0, 2558.0)	(24.0, 3561.0)	(25.0, 4812.0)	(26.0, 5786.0)	(27.0, 7217.0)	(28.0, 8617.0)	(29.0, 9893.0)	(30.0, 11183.0)	(31.0, 12171.0)	(32.0, 11618.0)	(33.0, 9448.0)	(34.0, 6210.0)	(35.0, 2939.0)
SRR5898954_1	(18.0, 3.0)	(19.0, 7.0)	(20.0, 42.0)	(21.0, 135.0)	(22.0, 385.0)	(23.0, 882.0)	(24.0, 1929.0)	(25.0, 3421.0)	(26.0, 5326.0)	(27.0, 7729.0)	(28.0, 9961.0)	(29.0, 12343.0)	(30.0, 14056.0)	(31.0, 14406.0)	(32.0, 12833.0)	(33.0, 8971.0)	(34.0, 5456.0)	(35.0, 2115.0)				
SRR5898954_2	(14.0, 2.0)	(15.0, 8.0)	(16.0, 22.0)	(17.0, 35.0)	(18.0, 93.0)	(19.0, 249.0)	(20.0, 436.0)	(21.0, 745.0)	(22.0, 1349.0)	(23.0, 1972.0)	(24.0, 2956.0)	(25.0, 4161.0)	(26.0, 5327.0)	(27.0, 6600.0)	(28.0, 8108.0)	(29.0, 10083.0)	(30.0, 11738.0)	(31.0, 13097.0)	(32.0, 13044.0)	(33.0, 10490.0)	(34.0, 6548.0)	(35.0, 2937.0)
SRR5898966_1	(17.0, 2.0)	(18.0, 1.0)	(19.0, 7.0)	(20.0, 32.0)	(21.0, 136.0)	(22.0, 349.0)	(23.0, 852.0)	(24.0, 1629.0)	(25.0, 2949.0)	(26.0, 4474.0)	(27.0, 6504.0)	(28.0, 8640.0)	(29.0, 11081.0)	(30.0, 13239.0)	(31.0, 14435.0)	(32.0, 14092.0)	(33.0, 10995.0)	(34.0, 7412.0)	(35.0, 3171.0)			
SRR5898966_2	(15.0, 14.0)	(16.0, 28.0)	(17.0, 49.0)	(18.0, 93.0)	(19.0, 283.0)	(20.0, 590.0)	(21.0, 900.0)	(22.0, 1338.0)	(23.0, 2057.0)	(24.0, 2855.0)	(25.0, 3912.0)	(26.0, 4950.0)	(27.0, 6182.0)	(28.0, 7521.0)	(29.0, 8928.0)	(30.0, 10742.0)	(31.0, 12104.0)	(32.0, 12863.0)	(33.0, 11392.0)	(34.0, 8493.0)	(35.0, 4706.0)	
SRR5898978_1	(17.0, 1.0)	(18.0, 1.0)	(19.0, 8.0)	(20.0, 19.0)	(21.0, 45.0)	(22.0, 80.0)	(23.0, 227.0)	(24.0, 435.0)	(25.0, 771.0)	(26.0, 1230.0)	(27.0, 2058.0)	(28.0, 3016.0)	(29.0, 4082.0)	(30.0, 5680.0)	(31.0, 8238.0)	(32.0, 12048.0)	(33.0, 18469.0)	(34.0, 25753.0)	(35.0, 17839.0)			
SRR5898978_2	(14.0, 2.0)	(15.0, 9.0)	(16.0, 21.0)	(17.0, 40.0)	(18.0, 48.0)	(19.0, 110.0)	(20.0, 204.0)	(21.0, 351.0)	(22.0, 537.0)	(23.0, 969.0)	(24.0, 1378.0)	(25.0, 1941.0)	(26.0, 2605.0)	(27.0, 3388.0)	(28.0, 4467.0)	(29.0, 5762.0)	(30.0, 7325.0)	(31.0, 9822.0)	(32.0, 13474.0)	(33.0, 17732.0)	(34.0, 18683.0)	(35.0, 11132.0)
SRR5898979_1	(19.0, 10.0)	(20.0, 44.0)	(21.0, 146.0)	(22.0, 341.0)	(23.0, 737.0)	(24.0, 1522.0)	(25.0, 2664.0)	(26.0, 4073.0)	(27.0, 6074.0)	(28.0, 8110.0)	(29.0, 10582.0)	(30.0, 12968.0)	(31.0, 14478.0)	(32.0, 14938.0)	(33.0, 12214.0)	(34.0, 7913.0)	(35.0, 3186.0)					
SRR5898979_2	(14.0, 1.0)	(15.0, 10.0)	(16.0, 48.0)	(17.0, 55.0)	(18.0, 108.0)	(19.0, 204.0)	(20.0, 421.0)	(21.0, 776.0)	(22.0, 1136.0)	(23.0, 1702.0)	(24.0, 2418.0)	(25.0, 3256.0)	(26.0, 4323.0)	(27.0, 5514.0)	(28.0, 6928.0)	(29.0, 8726.0)	(30.0, 10799.0)	(31.0, 12630.0)	(32.0, 13808.0)	(33.0, 12985.0)	(34.0, 9376.0)	(35.0, 4776.0)
SRR5898980_1	(17.0, 1.0)	(18.0, 3.0)	(19.0, 17.0)	(20.0, 57.0)	(21.0, 179.0)	(22.0, 452.0)	(23.0, 1001.0)	(24.0, 1994.0)	(25.0, 3294.0)	(26.0, 5074.0)	(27.0, 7251.0)	(28.0, 9567.0)	(29.0, 11831.0)	(30.0, 14029.0)	(31.0, 14679.0)	(32.0, 13544.0)	(33.0, 9582.0)	(34.0, 5565.0)	(35.0, 1880.0)			
SRR5898980_2	(14.0, 1.0)	(15.0, 11.0)	(16.0, 19.0)	(17.0, 41.0)	(18.0, 94.0)	(19.0, 251.0)	(20.0, 524.0)	(21.0, 938.0)	(22.0, 1498.0)	(23.0, 2307.0)	(24.0, 3223.0)	(25.0, 4296.0)	(26.0, 5461.0)	(27.0, 6761.0)	(28.0, 8116.0)	(29.0, 9656.0)	(30.0, 11431.0)	(31.0, 12421.0)	(32.0, 12606.0)	(33.0, 10429.0)	(34.0, 6878.0)	(35.0, 3038.0)
SRR5898981_1	(17.0, 2.0)	(18.0, 0.0)	(19.0, 7.0)	(20.0, 16.0)	(21.0, 36.0)	(22.0, 118.0)	(23.0, 251.0)	(24.0, 553.0)	(25.0, 1038.0)	(26.0, 1794.0)	(27.0, 2799.0)	(28.0, 4170.0)	(29.0, 5793.0)	(30.0, 8109.0)	(31.0, 10820.0)	(32.0, 14632.0)	(33.0, 18802.0)	(34.0, 20938.0)	(35.0, 10122.0)			
SRR5898981_2	(15.0, 8.0)	(16.0, 32.0)	(17.0, 43.0)	(18.0, 89.0)	(19.0, 160.0)	(20.0, 284.0)	(21.0, 524.0)	(22.0, 839.0)	(23.0, 1383.0)	(24.0, 2098.0)	(25.0, 2920.0)	(26.0, 3788.0)	(27.0, 4974.0)	(28.0, 6201.0)	(29.0, 7751.0)	(30.0, 9545.0)	(31.0, 11463.0)	(32.0, 13944.0)	(33.0, 15467.0)	(34.0, 12949.0)	(35.0, 5538.0)	
SRR5898982_1	(18.0, 5.0)	(19.0, 7.0)	(20.0, 17.0)	(21.0, 44.0)	(22.0, 120.0)	(23.0, 224.0)	(24.0, 539.0)	(25.0, 898.0)	(26.0, 1523.0)	(27.0, 2365.0)	(28.0, 3613.0)	(29.0, 4944.0)	(30.0, 6718.0)	(31.0, 9715.0)	(32.0, 13326.0)	(33.0, 18357.0)	(34.0, 23252.0)	(35.0, 14333.0)				
SRR5898982_2	(14.0, 1.0)	(15.0, 10.0)	(16.0, 18.0)	(17.0, 45.0)	(18.0, 101.0)	(19.0, 166.0)	(20.0, 288.0)	(21.0, 464.0)	(22.0, 764.0)	(23.0, 1201.0)	(24.0, 1896.0)	(25.0, 2634.0)	(26.0, 3512.0)	(27.0, 4422.0)	(28.0, 5516.0)	(29.0, 6643.0)	(30.0, 8243.0)	(31.0, 10344.0)	(32.0, 13193.0)	(33.0, 16194.0)	(34.0, 15559.0)	(35.0, 8786.0)
SRR5898983_1	(18.0, 2.0)	(19.0, 5.0)	(20.0, 18.0)	(21.0, 41.0)	(22.0, 109.0)	(23.0, 208.0)	(24.0, 448.0)	(25.0, 865.0)	(26.0, 1443.0)	(27.0, 2172.0)	(28.0, 3227.0)	(29.0, 4594.0)	(30.0, 6477.0)	(31.0, 9222.0)	(32.0, 13420.0)	(33.0, 20014.0)	(34.0, 25690.0)	(35.0, 12045.0)				
SRR5898983_2	(14.0, 1.0)	(15.0, 1.0)	(16.0, 13.0)	(17.0, 37.0)	(18.0, 73.0)	(19.0, 123.0)	(20.0, 221.0)	(21.0, 438.0)	(22.0, 764.0)	(23.0, 1199.0)	(24.0, 1726.0)	(25.0, 2524.0)	(26.0, 3317.0)	(27.0, 4339.0)	(28.0, 5414.0)	(29.0, 6794.0)	(30.0, 8615.0)	(31.0, 11350.0)	(32.0, 14602.0)	(33.0, 17905.0)	(34.0, 15374.0)	(35.0, 5170.0)
SRR5898984_1	(17.0, 1.0)	(18.0, 3.0)	(19.0, 10.0)	(20.0, 59.0)	(21.0, 177.0)	(22.0, 415.0)	(23.0, 942.0)	(24.0, 1613.0)	(25.0, 2775.0)	(26.0, 4476.0)	(27.0, 6458.0)	(28.0, 8536.0)	(29.0, 10695.0)	(30.0, 12824.0)	(31.0, 14376.0)	(32.0, 14114.0)	(33.0, 11606.0)	(34.0, 7687.0)	(35.0, 3233.0)			
SRR5898984_2	(14.0, 1.0)	(15.0, 11.0)	(16.0, 22.0)	(17.0, 37.0)	(18.0, 130.0)	(19.0, 285.0)	(20.0, 579.0)	(21.0, 1045.0)	(22.0, 1589.0)	(23.0, 2244.0)	(24.0, 3087.0)	(25.0, 4033.0)	(26.0, 5056.0)	(27.0, 6165.0)	(28.0, 7540.0)	(29.0, 8959.0)	(30.0, 10350.0)	(31.0, 11754.0)	(32.0, 12156.0)	(33.0, 11185.0)	(34.0, 8929.0)	(35.0, 4843.0)
SRR5898985_1	(18.0, 2.0)	(19.0, 2.0)	(20.0, 22.0)	(21.0, 43.0)	(22.0, 95.0)	(23.0, 229.0)	(24.0, 404.0)	(25.0, 821.0)	(26.0, 1418.0)	(27.0, 2219.0)	(28.0, 3321.0)	(29.0, 4812.0)	(30.0, 6536.0)	(31.0, 9233.0)	(32.0, 13091.0)	(33.0, 18519.0)	(34.0, 23330.0)	(35.0, 15903.0)				
SRR5898985_2	(14.0, 4.0)	(15.0, 15.0)	(16.0, 31.0)	(17.0, 43.0)	(18.0, 89.0)	(19.0, 133.0)	(20.0, 196.0)	(21.0, 314.0)	(22.0, 524.0)	(23.0, 849.0)	(24.0, 1276.0)	(25.0, 1888.0)	(26.0, 2601.0)	(27.0, 3475.0)	(28.0, 4624.0)	(29.0, 6035.0)	(30.0, 7811.0)	(31.0, 10495.0)	(32.0, 14398.0)	(33.0, 17461.0)	(34.0, 17423.0)	(35.0, 10315.0)
SRR5898986_1	(19.0, 5.0)	(20.0, 41.0)	(21.0, 101.0)	(22.0, 289.0)	(23.0, 758.0)	(24.0, 1428.0)	(25.0, 2612.0)	(26.0, 4126.0)	(27.0, 6150.0)	(28.0, 8122.0)	(29.0, 10688.0)	(30.0, 12556.0)	(31.0, 14529.0)	(32.0, 14465.0)	(33.0, 12372.0)	(34.0, 8280.0)	(35.0, 3478.0)					
SRR5898986_2	(15.0, 17.0)	(16.0, 35.0)	(17.0, 59.0)	(18.0, 91.0)	(19.0, 212.0)	(20.0, 402.0)	(21.0, 711.0)	(22.0, 1083.0)	(23.0, 1608.0)	(24.0, 2382.0)	(25.0, 3283.0)	(26.0, 4231.0)	(27.0, 5518.0)	(28.0, 6871.0)	(29.0, 8580.0)	(30.0, 10751.0)	(31.0, 12609.0)	(32.0, 13707.0)	(33.0, 13126.0)	(34.0, 9782.0)	(35.0, 4942.0)	
SRR5898987_1	(18.0, 4.0)	(19.0, 16.0)	(20.0, 34.0)	(21.0, 62.0)	(22.0, 112.0)	(23.0, 265.0)	(24.0, 506.0)	(25.0, 906.0)	(26.0, 1583.0)	(27.0, 2405.0)	(28.0, 3537.0)	(29.0, 5038.0)	(30.0, 7256.0)	(31.0, 10016.0)	(32.0, 13955.0)	(33.0, 19301.0)	(34.0, 22895.0)	(35.0, 12109.0)				
SRR5898987_2	(15.0, 5.0)	(16.0, 34.0)	(17.0, 45.0)	(18.0, 73.0)	(19.0, 176.0)	(20.0, 266.0)	(21.0, 486.0)	(22.0, 748.0)	(23.0, 1243.0)	(24.0, 1838.0)	(25.0, 2509.0)	(26.0, 3350.0)	(27.0, 4129.0)	(28.0, 5333.0)	(29.0, 6933.0)	(30.0, 8632.0)	(31.0, 10957.0)	(32.0, 14097.0)	(33.0, 16782.0)	(34.0, 15116.0)	(35.0, 7248.0)	
SRR5899005_1	(19.0, 2.0)	(20.0, 28.0)	(21.0, 53.0)	(22.0, 114.0)	(23.0, 228.0)	(24.0, 462.0)	(25.0, 833.0)	(26.0, 1370.0)	(27.0, 2125.0)	(28.0, 3139.0)	(29.0, 4484.0)	(30.0, 6273.0)	(31.0, 9280.0)	(32.0, 13318.0)	(33.0, 19449.0)	(34.0, 23156.0)	(35.0, 15686.0)					
SRR5899005_2	(14.0, 8.0)	(15.0, 38.0)	(16.0, 64.0)	(17.0, 102.0)	(18.0, 175.0)	(19.0, 229.0)	(20.0, 380.0)	(21.0, 540.0)	(22.0, 907.0)	(23.0, 1444.0)	(24.0, 1981.0)	(25.0, 2894.0)	(26.0, 3548.0)	(27.0, 4670.0)	(28.0, 5845.0)	(29.0, 7450.0)	(30.0, 9322.0)	(31.0, 11701.0)	(32.0, 14005.0)	(33.0, 14767.0)	(34.0, 13170.0)	(35.0, 6760.0)
SRR5899006_1	(18.0, 1.0)	(19.0, 9.0)	(20.0, 20.0)	(21.0, 55.0)	(22.0, 117.0)	(23.0, 290.0)	(24.0, 508.0)	(25.0, 942.0)	(26.0, 1494.0)	(27.0, 2423.0)	(28.0, 3386.0)	(29.0, 4982.0)	(30.0, 6884.0)	(31.0, 9885.0)	(32.0, 13992.0)	(33.0, 19583.0)	(34.0, 22646.0)	(35.0, 12783.0)				
SRR5899006_2	(14.0, 3.0)	(15.0, 47.0)	(16.0, 63.0)	(17.0, 95.0)	(18.0, 147.0)	(19.0, 272.0)	(20.0, 392.0)	(21.0, 635.0)	(22.0, 935.0)	(23.0, 1527.0)	(24.0, 2111.0)	(25.0, 2933.0)	(26.0, 3884.0)	(27.0, 4929.0)	(28.0, 6492.0)	(29.0, 7713.0)	(30.0, 9937.0)	(31.0, 12523.0)	(32.0, 14547.0)	(33.0, 14492.0)	(34.0, 11611.0)	(35.0, 4712.0)
SRR5899007_1	(18.0, 1.0)	(19.0, 6.0)	(20.0, 15.0)	(21.0, 52.0)	(22.0, 117.0)	(23.0, 211.0)	(24.0, 474.0)	(25.0, 903.0)	(26.0, 1520.0)	(27.0, 2431.0)	(28.0, 3512.0)	(29.0, 5176.0)	(30.0, 7273.0)	(31.0, 10379.0)	(32.0, 14090.0)	(33.0, 19102.0)	(34.0, 21942.0)	(35.0, 12796.0)				
SRR5899007_2	(14.0, 6.0)	(15.0, 33.0)	(16.0, 92.0)	(17.0, 106.0)	(18.0, 191.0)	(19.0, 305.0)	(20.0, 404.0)	(21.0, 640.0)	(22.0, 1046.0)	(23.0, 1616.0)	(24.0, 2390.0)	(25.0, 3234.0)	(26.0, 4197.0)	(27.0, 5356.0)	(28.0, 6692.0)	(29.0, 8181.0)	(30.0, 9893.0)	(31.0, 12137.0)	(32.0, 13817.0)	(33.0, 13695.0)	(34.0, 10991.0)	(35.0, 4978.0)
SRR5899017_1	(18.0, 1.0)	(19.0, 18.0)	(20.0, 84.0)	(21.0, 323.0)	(22.0, 710.0)	(23.0, 1637.0)	(24.0, 3224.0)	(25.0, 5365.0)	(26.0, 7933.0)	(27.0, 10771.0)	(28.0, 12943.0)	(29.0, 14104.0)	(30.0, 14106.0)	(31.0, 12059.0)	(32.0, 8847.0)	(33.0, 5090.0)	(34.0, 2195.0)	(35.0, 590.0)				
SRR5899017_2	(15.0, 6.0)	(16.0, 15.0)	(17.0, 46.0)	(18.0, 80.0)	(19.0, 269.0)	(20.0, 633.0)	(21.0, 1171.0)	(22.0, 2040.0)	(23.0, 3028.0)	(24.0, 4249.0)	(25.0, 5727.0)	(26.0, 7501.0)	(27.0, 8872.0)	(28.0, 10368.0)	(29.0, 11742.0)	(30.0, 12041.0)	(31.0, 11584.0)	(32.0, 9821.0)	(33.0, 6414.0)	(34.0, 3268.0)	(35.0, 1125.0)	
SRR8865572_1	(26.0, 1.0)	(27.0, 28.0)	(28.0, 597.0)	(29.0, 1635.0)	(30.0, 2744.0)	(31.0, 4967.0)	(32.0, 9189.0)	(33.0, 18258.0)	(34.0, 38657.0)	(35.0, 23924.0)												
SRR8865572_2	(26.0, 2.0)	(27.0, 158.0)	(28.0, 1862.0)	(29.0, 3614.0)	(30.0, 5060.0)	(31.0, 7307.0)	(32.0, 10695.0)	(33.0, 17922.0)	(34.0, 33921.0)	(35.0, 19459.0)												
SRR8865573_1	(27.0, 25.0)	(28.0, 493.0)	(29.0, 1316.0)	(30.0, 2435.0)	(31.0, 4288.0)	(32.0, 8243.0)	(33.0, 16560.0)	(34.0, 39184.0)	(35.0, 27456.0)													
SRR8865573_2	(26.0, 2.0)	(27.0, 161.0)	(28.0, 2095.0)	(29.0, 4315.0)	(30.0, 5699.0)	(31.0, 7412.0)	(32.0, 10409.0)	(33.0, 16886.0)	(34.0, 31193.0)	(35.0, 21828.0)												
SRR8865574_1	(27.0, 33.0)	(28.0, 877.0)	(29.0, 2465.0)	(30.0, 4036.0)	(31.0, 6931.0)	(32.0, 12203.0)	(33.0, 22630.0)	(34.0, 34343.0)	(35.0, 16482.0)													
SRR8865574_2	(26.0, 16.0)	(27.0, 372.0)	(28.0, 2171.0)	(29.0, 4186.0)	(30.0, 6327.0)	(31.0, 9862.0)	(32.0, 15485.0)	(33.0, 23843.0)	(34.0, 28281.0)	(35.0, 9457.0)												
SRR8865575_1	(27.0, 39.0)	(28.0, 603.0)	(29.0, 1592.0)	(30.0, 2967.0)	(31.0, 4920.0)	(32.0, 8951.0)	(33.0, 17718.0)	(34.0, 38188.0)	(35.0, 25022.0)													
SRR8865575_2	(26.0, 5.0)	(27.0, 213.0)	(28.0, 1695.0)	(29.0, 3488.0)	(30.0, 4789.0)	(31.0, 7060.0)	(32.0, 11049.0)	(33.0, 18925.0)	(34.0, 34246.0)	(35.0, 18530.0)												
SRR8865576_1	(27.0, 19.0)	(28.0, 490.0)	(29.0, 1399.0)	(30.0, 2341.0)	(31.0, 4101.0)	(32.0, 7521.0)	(33.0, 15701.0)	(34.0, 38175.0)	(35.0, 30253.0)													
SRR8865576_2	(26.0, 1.0)	(27.0, 128.0)	(28.0, 1617.0)	(29.0, 3194.0)	(30.0, 4521.0)	(31.0, 6450.0)	(32.0, 9316.0)	(33.0, 16808.0)	(34.0, 33979.0)	(35.0, 23986.0)												
SRR8865577_1	(27.0, 45.0)	(28.0, 1379.0)	(29.0, 5162.0)	(30.0, 10395.0)	(31.0, 17248.0)	(32.0, 21729.0)	(33.0, 20021.0)	(34.0, 13967.0)	(35.0, 10054.0)													
SRR8865577_2	(27.0, 235.0)	(28.0, 5644.0)	(29.0, 13474.0)	(30.0, 16278.0)	(31.0, 17834.0)	(32.0, 15959.0)	(33.0, 12294.0)	(34.0, 10575.0)	(35.0, 7707.0)													
SRR8865578_1	(27.0, 29.0)	(28.0, 470.0)	(29.0, 1364.0)	(30.0, 2501.0)	(31.0, 4388.0)	(32.0, 8142.0)	(33.0, 16528.0)	(34.0, 37931.0)	(35.0, 28647.0)													
SRR8865578_2	(26.0, 2.0)	(27.0, 131.0)	(28.0, 1966.0)	(29.0, 3944.0)	(30.0, 5415.0)	(31.0, 7169.0)	(32.0, 10326.0)	(33.0, 16509.0)	(34.0, 31122.0)	(35.0, 23416.0)												
SRR8865579_1	(27.0, 18.0)	(28.0, 584.0)	(29.0, 1599.0)	(30.0, 2866.0)	(31.0, 5122.0)	(32.0, 9290.0)	(33.0, 18727.0)	(34.0, 38713.0)	(35.0, 23081.0)													
SRR8865579_2	(26.0, 3.0)	(27.0, 144.0)	(28.0, 1880.0)	(29.0, 3912.0)	(30.0, 5418.0)	(31.0, 7302.0)	(32.0, 10915.0)	(33.0, 18017.0)	(34.0, 33099.0)	(35.0, 19310.0)												
SRR8865580_1	(27.0, 15.0)	(28.0, 602.0)	(29.0, 1848.0)	(30.0, 3418.0)	(31.0, 6144.0)	(32.0, 10560.0)	(33.0, 19112.0)	(34.0, 35743.0)	(35.0, 22558.0)													
SRR8865580_2	(27.0, 161.0)	(28.0, 1912.0)	(29.0, 3851.0)	(30.0, 5371.0)	(31.0, 7603.0)	(32.0, 10890.0)	(33.0, 17902.0)	(34.0, 32536.0)	(35.0, 19774.0)													
SRR8865581_1	(27.0, 33.0)	(28.0, 574.0)	(29.0, 1832.0)	(30.0, 3428.0)	(31.0, 5982.0)	(32.0, 10534.0)	(33.0, 18969.0)	(34.0, 36323.0)	(35.0, 22325.0)													
SRR8865581_2	(26.0, 2.0)	(27.0, 145.0)	(28.0, 2147.0)	(29.0, 4390.0)	(30.0, 5802.0)	(31.0, 7984.0)	(32.0, 11215.0)	(33.0, 18048.0)	(34.0, 31594.0)	(35.0, 18673.0)												
SRR8865582_1	(27.0, 61.0)	(28.0, 1548.0)	(29.0, 5663.0)	(30.0, 10929.0)	(31.0, 16738.0)	(32.0, 20622.0)	(33.0, 18965.0)	(34.0, 14837.0)	(35.0, 10637.0)													
SRR8865582_2	(26.0, 1.0)	(27.0, 214.0)	(28.0, 6041.0)	(29.0, 14182.0)	(30.0, 16382.0)	(31.0, 16641.0)	(32.0, 14924.0)	(33.0, 12086.0)	(34.0, 11589.0)	(35.0, 7940.0)												
SRR8865583_1	(27.0, 51.0)	(28.0, 1633.0)	(29.0, 5696.0)	(30.0, 11038.0)	(31.0, 17468.0)	(32.0, 21257.0)	(33.0, 19011.0)	(34.0, 13870.0)	(35.0, 9976.0)													
SRR8865583_2	(26.0, 3.0)	(27.0, 262.0)	(28.0, 6216.0)	(29.0, 14553.0)	(30.0, 16801.0)	(31.0, 17268.0)	(32.0, 14996.0)	(33.0, 11565.0)	(34.0, 10786.0)	(35.0, 7550.0)												
SRR8865584_1	(27.0, 51.0)	(28.0, 1570.0)	(29.0, 5770.0)	(30.0, 11376.0)	(31.0, 18211.0)	(32.0, 22802.0)	(33.0, 20333.0)	(34.0, 12439.0)	(35.0, 7448.0)													
SRR8865584_2	(26.0, 1.0)	(27.0, 242.0)	(28.0, 6256.0)	(29.0, 15149.0)	(30.0, 18027.0)	(31.0, 18476.0)	(32.0, 16063.0)	(33.0, 11607.0)	(34.0, 8511.0)	(35.0, 5668.0)												
SRR8865585_1	(26.0, 1.0)	(27.0, 45.0)	(28.0, 1140.0)	(29.0, 4154.0)	(30.0, 8336.0)	(31.0, 14427.0)	(32.0, 20839.0)	(33.0, 22653.0)	(34.0, 16663.0)	(35.0, 11742.0)												
SRR8865585_2	(26.0, 2.0)	(27.0, 183.0)	(28.0, 4103.0)	(29.0, 10645.0)	(30.0, 14021.0)	(31.0, 17062.0)	(32.0, 17806.0)	(33.0, 14987.0)	(34.0, 12146.0)	(35.0, 9045.0)												
SRR8865586_1	(27.0, 17.0)	(28.0, 278.0)	(29.0, 860.0)	(30.0, 1446.0)	(31.0, 2425.0)	(32.0, 4421.0)	(33.0, 9894.0)	(34.0, 31530.0)	(35.0, 49129.0)													
SRR8865586_2	(26.0, 6.0)	(27.0, 85.0)	(28.0, 834.0)	(29.0, 1849.0)	(30.0, 2534.0)	(31.0, 3631.0)	(32.0, 5635.0)	(33.0, 10141.0)	(34.0, 25251.0)	(35.0, 50034.0)												
SRR8865587_1	(27.0, 13.0)	(28.0, 239.0)	(29.0, 705.0)	(30.0, 1300.0)	(31.0, 2188.0)	(32.0, 4151.0)	(33.0, 9454.0)	(34.0, 32560.0)	(35.0, 49390.0)													
SRR8865587_2	(25.0, 1.0)	(26.0, 3.0)	(27.0, 66.0)	(28.0, 976.0)	(29.0, 1988.0)	(30.0, 2848.0)	(31.0, 3867.0)	(32.0, 5755.0)	(33.0, 10434.0)	(34.0, 25515.0)	(35.0, 48547.0)											
SRR8865588_1	(27.0, 13.0)	(28.0, 537.0)	(29.0, 1894.0)	(30.0, 3734.0)	(31.0, 6569.0)	(32.0, 11620.0)	(33.0, 19750.0)	(34.0, 34501.0)	(35.0, 21382.0)													
SRR8865588_2	(26.0, 1.0)	(27.0, 132.0)	(28.0, 2266.0)	(29.0, 4649.0)	(30.0, 6165.0)	(31.0, 8249.0)	(32.0, 11602.0)	(33.0, 17984.0)	(34.0, 30037.0)	(35.0, 18915.0)												
SRR8865589_1	(27.0, 69.0)	(28.0, 1364.0)	(29.0, 4889.0)	(30.0, 9973.0)	(31.0, 16818.0)	(32.0, 22041.0)	(33.0, 20953.0)	(34.0, 14196.0)	(35.0, 9697.0)													
SRR8865589_2	(26.0, 3.0)	(27.0, 311.0)	(28.0, 6167.0)	(29.0, 14049.0)	(30.0, 16479.0)	(31.0, 18035.0)	(32.0, 16332.0)	(33.0, 12239.0)	(34.0, 9899.0)	(35.0, 6486.0)												
SRR8865590_1	(26.0, 1.0)	(27.0, 17.0)	(28.0, 485.0)	(29.0, 1283.0)	(30.0, 2199.0)	(31.0, 3873.0)	(32.0, 7113.0)	(33.0, 14699.0)	(34.0, 36494.0)	(35.0, 33836.0)												
SRR8865590_2	(26.0, 2.0)	(27.0, 174.0)	(28.0, 1729.0)	(29.0, 3420.0)	(30.0, 4719.0)	(31.0, 6418.0)	(32.0, 9193.0)	(33.0, 15421.0)	(34.0, 31720.0)	(35.0, 27204.0)												
SRR8865591_1	(27.0, 46.0)	(28.0, 1158.0)	(29.0, 4031.0)	(30.0, 8791.0)	(31.0, 15537.0)	(32.0, 21782.0)	(33.0, 21737.0)	(34.0, 15277.0)	(35.0, 11641.0)													
SRR8865591_2	(26.0, 1.0)	(27.0, 221.0)	(28.0, 5285.0)	(29.0, 12417.0)	(30.0, 15375.0)	(31.0, 17350.0)	(32.0, 16584.0)	(33.0, 13040.0)	(34.0, 11007.0)	(35.0, 8720.0)												
SRR8865592_1	(27.0, 52.0)	(28.0, 1794.0)	(29.0, 6465.0)	(30.0, 12822.0)	(31.0, 20715.0)	(32.0, 24490.0)	(33.0, 19525.0)	(34.0, 9410.0)	(35.0, 4727.0)													
SRR8865592_2	(26.0, 1.0)	(27.0, 400.0)	(28.0, 8684.0)	(29.0, 17921.0)	(30.0, 20129.0)	(31.0, 19595.0)	(32.0, 15456.0)	(33.0, 9152.0)	(34.0, 5506.0)	(35.0, 3156.0)												
SRR8865593_1	(27.0, 19.0)	(28.0, 387.0)	(29.0, 1330.0)	(30.0, 2524.0)	(31.0, 4624.0)	(32.0, 8559.0)	(33.0, 16572.0)	(34.0, 36458.0)	(35.0, 29527.0)													
SRR8865593_2	(26.0, 2.0)	(27.0, 142.0)	(28.0, 1983.0)	(29.0, 3816.0)	(30.0, 5162.0)	(31.0, 6982.0)	(32.0, 9962.0)	(33.0, 16696.0)	(34.0, 31278.0)	(35.0, 23977.0)												
SRR8865594_1	(27.0, 47.0)	(28.0, 680.0)	(29.0, 2070.0)	(30.0, 3726.0)	(31.0, 6347.0)	(32.0, 10954.0)	(33.0, 19851.0)	(34.0, 36505.0)	(35.0, 19820.0)													
SRR8865594_2	(26.0, 3.0)	(27.0, 182.0)	(28.0, 1942.0)	(29.0, 4107.0)	(30.0, 5553.0)	(31.0, 7859.0)	(32.0, 11641.0)	(33.0, 19191.0)	(34.0, 32762.0)	(35.0, 16760.0)												
SRR8865595_1	(27.0, 15.0)	(28.0, 385.0)	(29.0, 1135.0)	(30.0, 2136.0)	(31.0, 3823.0)	(32.0, 7286.0)	(33.0, 15740.0)	(34.0, 39544.0)	(35.0, 29936.0)													
SRR8865595_2	(25.0, 1.0)	(26.0, 0.0)	(27.0, 153.0)	(28.0, 2188.0)	(29.0, 4274.0)	(30.0, 5605.0)	(31.0, 7476.0)	(32.0, 10587.0)	(33.0, 16595.0)	(34.0, 31341.0)	(35.0, 21780.0)											
SRR8865596_1	(27.0, 32.0)	(28.0, 481.0)	(29.0, 1232.0)	(30.0, 2235.0)	(31.0, 4034.0)	(32.0, 7409.0)	(33.0, 16156.0)	(34.0, 38855.0)	(35.0, 29566.0)													
SRR8865596_2	(26.0, 2.0)	(27.0, 161.0)	(28.0, 1893.0)	(29.0, 3699.0)	(30.0, 4924.0)	(31.0, 6814.0)	(32.0, 9737.0)	(33.0, 16045.0)	(34.0, 32898.0)	(35.0, 23827.0)												
SRR8865597_1	(27.0, 44.0)	(28.0, 1471.0)	(29.0, 5456.0)	(30.0, 11079.0)	(31.0, 18073.0)	(32.0, 22551.0)	(33.0, 20175.0)	(34.0, 12888.0)	(35.0, 8263.0)													
SRR8865597_2	(27.0, 292.0)	(28.0, 6281.0)	(29.0, 14642.0)	(30.0, 17171.0)	(31.0, 18121.0)	(32.0, 16422.0)	(33.0, 11922.0)	(34.0, 8997.0)	(35.0, 6152.0)													
SRR8865598_1	(27.0, 52.0)	(28.0, 1625.0)	(29.0, 5727.0)	(30.0, 11090.0)	(31.0, 17458.0)	(32.0, 21345.0)	(33.0, 19430.0)	(34.0, 13490.0)	(35.0, 9783.0)													
SRR8865598_2	(25.0, 1.0)	(26.0, 4.0)	(27.0, 320.0)	(28.0, 6557.0)	(29.0, 14021.0)	(30.0, 16442.0)	(31.0, 17778.0)	(32.0, 15668.0)	(33.0, 11818.0)	(34.0, 10026.0)	(35.0, 7365.0)											
SRR8865599_1	(27.0, 21.0)	(28.0, 444.0)	(29.0, 1407.0)	(30.0, 2721.0)	(31.0, 5112.0)	(32.0, 9460.0)	(33.0, 18008.0)	(34.0, 37048.0)	(35.0, 25779.0)													
SRR8865599_2	(26.0, 2.0)	(27.0, 149.0)	(28.0, 2239.0)	(29.0, 4585.0)	(30.0, 5932.0)	(31.0, 8055.0)	(32.0, 11143.0)	(33.0, 17220.0)	(34.0, 29693.0)	(35.0, 20982.0)												
SRR8865600_1	(26.0, 1.0)	(27.0, 25.0)	(28.0, 625.0)	(29.0, 2064.0)	(30.0, 3790.0)	(31.0, 6552.0)	(32.0, 11130.0)	(33.0, 19832.0)	(34.0, 35681.0)	(35.0, 20300.0)												
SRR8865600_2	(26.0, 3.0)	(27.0, 181.0)	(28.0, 1892.0)	(29.0, 3813.0)	(30.0, 5513.0)	(31.0, 7634.0)	(32.0, 11382.0)	(33.0, 18916.0)	(34.0, 33079.0)	(35.0, 17587.0)												
SRR8865601_1	(27.0, 19.0)	(28.0, 546.0)	(29.0, 1909.0)	(30.0, 3433.0)	(31.0, 6223.0)	(32.0, 10899.0)	(33.0, 19703.0)	(34.0, 35221.0)	(35.0, 22047.0)													
SRR8865601_2	(26.0, 2.0)	(27.0, 177.0)	(28.0, 1833.0)	(29.0, 3838.0)	(30.0, 5413.0)	(31.0, 7352.0)	(32.0, 10916.0)	(33.0, 18153.0)	(34.0, 32951.0)	(35.0, 19365.0)												
