Sample	0	1	2	3	4	5	6	7	8	9	10	11	12	13	14	15	16	17	18	19	20	21	22	23	24	25	26	27	28	29	30	31	32	33	34	35
SRR5898908_1 - nextera_transposase_sequence	(1, 0.0)	(2, 0.0)	(3, 0.0)	(4, 0.0)	(5, 0.0)	(6, 0.0)	(7, 0.0)	(8, 0.0)	(9, 0.0)	(10, 0.0)	(15, 0.0)	(20, 0.0)	(25, 0.0)	(30, 0.0)	(35, 0.0016)	(40, 0.0084)	(45, 0.014600000000000002)	(50, 0.018600000000000002)	(55, 0.028000000000000004)	(60, 0.034800000000000005)	(65, 0.04159999999999999)	(70, 0.046599999999999996)	(75, 0.055200000000000006)	(80, 0.0626)	(85, 0.0734)	(90, 0.0792)	(95, 0.084)	(100, 0.0924)	(105, 0.1014)	(110, 0.10880000000000001)	(115, 0.121)	(120, 0.1368)	(125, 0.1518)	(130, 0.1698)	(135, 0.18960000000000005)	(140, 0.191)
SRR5898908_1 - polyg	(1, 0.0)	(2, 0.0)	(3, 0.0)	(4, 0.0)	(5, 0.0)	(6, 0.0)	(7, 0.0)	(8, 0.0)	(9, 0.0)	(10, 0.0016)	(15, 0.003)	(20, 0.003)	(25, 0.0036000000000000003)	(30, 0.004600000000000001)	(35, 0.005)	(40, 0.005)	(45, 0.0064)	(50, 0.0076)	(55, 0.008)	(60, 0.008400000000000001)	(65, 0.0094)	(70, 0.010399999999999998)	(75, 0.011)	(80, 0.011)	(85, 0.0126)	(90, 0.013000000000000001)	(95, 0.0132)	(100, 0.0152)	(105, 0.019)	(110, 0.022399999999999996)	(115, 0.033)	(120, 0.0498)	(125, 0.06920000000000001)	(130, 0.09559999999999999)	(135, 0.12840000000000001)	(140, 0.15)
SRR5898908_2 - nextera_transposase_sequence	(1, 0.0)	(2, 0.0)	(3, 0.0)	(4, 0.0)	(5, 0.0)	(6, 0.0)	(7, 0.0)	(8, 0.0)	(9, 0.0)	(10, 0.0)	(15, 0.0)	(20, 0.0)	(25, 0.0004)	(30, 0.0014)	(35, 0.0048000000000000004)	(40, 0.0152)	(45, 0.0256)	(50, 0.0324)	(55, 0.041)	(60, 0.053000000000000005)	(65, 0.0636)	(70, 0.0724)	(75, 0.08779999999999999)	(80, 0.1026)	(85, 0.11779999999999999)	(90, 0.13040000000000002)	(95, 0.14320000000000002)	(100, 0.16040000000000001)	(105, 0.183)	(110, 0.2082)	(115, 0.23220000000000002)	(120, 0.2676)	(125, 0.3012)	(130, 0.3388)	(135, 0.3818)	(140, 0.384)
SRR5898908_2 - polya	(1, 0.0)	(2, 0.0)	(3, 0.0)	(4, 0.0)	(5, 0.0)	(6, 0.0)	(7, 0.0)	(8, 0.0)	(9, 0.0)	(10, 0.0)	(15, 0.0002)	(20, 0.003)	(25, 0.007200000000000001)	(30, 0.0128)	(35, 0.022399999999999996)	(40, 0.0284)	(45, 0.034600000000000006)	(50, 0.040600000000000004)	(55, 0.046799999999999994)	(60, 0.0536)	(65, 0.058800000000000005)	(70, 0.062)	(75, 0.0658)	(80, 0.0708)	(85, 0.0726)	(90, 0.0766)	(95, 0.0806)	(100, 0.08499999999999999)	(105, 0.09159999999999999)	(110, 0.0968)	(115, 0.0994)	(120, 0.1038)	(125, 0.11180000000000001)	(130, 0.1196)	(135, 0.1244)	(140, 0.129)
SRR5898908_2 - polyg	(1, 0.035)	(2, 0.036)	(3, 0.036)	(4, 0.037)	(5, 0.042)	(6, 0.042)	(7, 0.042)	(8, 0.045)	(9, 0.046)	(10, 0.047)	(15, 0.0494)	(20, 0.0538)	(25, 0.05800000000000001)	(30, 0.0624)	(35, 0.064)	(40, 0.066)	(45, 0.06820000000000001)	(50, 0.071)	(55, 0.0712)	(60, 0.0746)	(65, 0.0792)	(70, 0.08080000000000001)	(75, 0.0824)	(80, 0.088)	(85, 0.0904)	(90, 0.09459999999999999)	(95, 0.1008)	(100, 0.1068)	(105, 0.11280000000000001)	(110, 0.11680000000000001)	(115, 0.125)	(120, 0.14840000000000003)	(125, 0.18860000000000002)	(130, 0.227)	(135, 0.2716)	(140, 0.307)
SRR5898909_1 - nextera_transposase_sequence	(1, 0.0)	(2, 0.0)	(3, 0.0)	(4, 0.0)	(5, 0.0)	(6, 0.0)	(7, 0.0)	(8, 0.0)	(9, 0.0)	(10, 0.0)	(15, 0.0)	(20, 0.0)	(25, 0.0)	(30, 0.0)	(35, 0.0021999999999999997)	(40, 0.0073999999999999995)	(45, 0.010399999999999998)	(50, 0.0156)	(55, 0.020200000000000003)	(60, 0.023799999999999998)	(65, 0.0294)	(70, 0.033800000000000004)	(75, 0.038400000000000004)	(80, 0.044399999999999995)	(85, 0.048799999999999996)	(90, 0.054200000000000005)	(95, 0.0644)	(100, 0.0748)	(105, 0.08919999999999999)	(110, 0.1004)	(115, 0.1092)	(120, 0.1204)	(125, 0.1322)	(130, 0.14520000000000002)	(135, 0.16060000000000002)	(140, 0.161)
SRR5898909_1 - polyg	(1, 0.0)	(2, 0.0)	(3, 0.0)	(4, 0.0)	(5, 0.0)	(6, 0.0)	(7, 0.0)	(8, 0.0)	(9, 0.0)	(10, 0.0)	(15, 0.0008)	(20, 0.001)	(25, 0.001)	(30, 0.001)	(35, 0.001)	(40, 0.001)	(45, 0.001)	(50, 0.001)	(55, 0.0032)	(60, 0.004)	(65, 0.004)	(70, 0.0044)	(75, 0.005200000000000001)	(80, 0.0062)	(85, 0.007000000000000001)	(90, 0.007000000000000001)	(95, 0.007000000000000001)	(100, 0.007000000000000001)	(105, 0.007000000000000001)	(110, 0.0088)	(115, 0.0158)	(120, 0.031)	(125, 0.0502)	(130, 0.0794)	(135, 0.1042)	(140, 0.119)
SRR5898909_2 - nextera_transposase_sequence	(1, 0.0)	(2, 0.0)	(3, 0.0)	(4, 0.0)	(5, 0.0)	(6, 0.0)	(7, 0.0)	(8, 0.0)	(9, 0.0)	(10, 0.0)	(15, 0.0)	(20, 0.0)	(25, 0.0)	(30, 0.0)	(35, 0.0021999999999999997)	(40, 0.0072)	(45, 0.0102)	(50, 0.0134)	(55, 0.0172)	(60, 0.0256)	(65, 0.0316)	(70, 0.04139999999999999)	(75, 0.0506)	(80, 0.0668)	(85, 0.07980000000000001)	(90, 0.092)	(95, 0.1032)	(100, 0.1236)	(105, 0.15080000000000002)	(110, 0.1768)	(115, 0.20539999999999997)	(120, 0.2284)	(125, 0.2672)	(130, 0.29819999999999997)	(135, 0.33060000000000006)	(140, 0.332)
SRR5898909_2 - polya	(1, 0.0)	(2, 0.0)	(3, 0.0)	(4, 0.0)	(5, 0.0)	(6, 0.0)	(7, 0.0)	(8, 0.0)	(9, 0.0)	(10, 0.0008)	(15, 0.002)	(20, 0.0026000000000000003)	(25, 0.012199999999999999)	(30, 0.023)	(35, 0.027200000000000002)	(40, 0.0324)	(45, 0.0396)	(50, 0.044399999999999995)	(55, 0.048)	(60, 0.054000000000000006)	(65, 0.055400000000000005)	(70, 0.05700000000000001)	(75, 0.057600000000000005)	(80, 0.0616)	(85, 0.0638)	(90, 0.0666)	(95, 0.07)	(100, 0.0762)	(105, 0.08020000000000001)	(110, 0.0824)	(115, 0.085)	(120, 0.09259999999999999)	(125, 0.098)	(130, 0.1046)	(135, 0.11100000000000002)	(140, 0.113)
SRR5898909_2 - polyg	(1, 0.032)	(2, 0.032)	(3, 0.033)	(4, 0.034)	(5, 0.035)	(6, 0.036)	(7, 0.036)	(8, 0.037)	(9, 0.038)	(10, 0.0386)	(15, 0.04379999999999999)	(20, 0.0474)	(25, 0.0506)	(30, 0.0522)	(35, 0.0538)	(40, 0.05700000000000001)	(45, 0.058800000000000005)	(50, 0.0622)	(55, 0.0648)	(60, 0.066)	(65, 0.0688)	(70, 0.0718)	(75, 0.074)	(80, 0.0772)	(85, 0.078)	(90, 0.0796)	(95, 0.0826)	(100, 0.085)	(105, 0.08659999999999998)	(110, 0.08879999999999999)	(115, 0.0972)	(120, 0.11280000000000001)	(125, 0.13920000000000002)	(130, 0.17560000000000003)	(135, 0.22080000000000002)	(140, 0.248)
SRR5898910_1 - nextera_transposase_sequence	(1, 0.0)	(2, 0.0)	(3, 0.0)	(4, 0.0)	(5, 0.0)	(6, 0.0)	(7, 0.0)	(8, 0.0)	(9, 0.0)	(10, 0.0)	(15, 0.0)	(20, 0.0)	(25, 0.0)	(30, 0.0)	(35, 0.0032)	(40, 0.01)	(45, 0.014600000000000002)	(50, 0.021)	(55, 0.031)	(60, 0.037000000000000005)	(65, 0.04279999999999999)	(70, 0.054000000000000006)	(75, 0.0668)	(80, 0.0744)	(85, 0.07880000000000001)	(90, 0.089)	(95, 0.09759999999999999)	(100, 0.1052)	(105, 0.11579999999999999)	(110, 0.1242)	(115, 0.1328)	(120, 0.1428)	(125, 0.1526)	(130, 0.16260000000000002)	(135, 0.167)	(140, 0.167)
SRR5898910_1 - polyg	(1, 0.0)	(2, 0.0)	(3, 0.0)	(4, 0.0)	(5, 0.0)	(6, 0.0)	(7, 0.0)	(8, 0.0)	(9, 0.0)	(10, 0.0)	(15, 0.0)	(20, 0.0)	(25, 0.0)	(30, 0.0)	(35, 0.0)	(40, 0.0)	(45, 0.0)	(50, 0.0)	(55, 0.0)	(60, 0.0006000000000000001)	(65, 0.0024000000000000002)	(70, 0.003)	(75, 0.003)	(80, 0.003)	(85, 0.003)	(90, 0.004)	(95, 0.0044)	(100, 0.005)	(105, 0.0058)	(110, 0.0128)	(115, 0.041400000000000006)	(120, 0.074)	(125, 0.1312)	(130, 0.2016)	(135, 0.27359999999999995)	(140, 0.319)
SRR5898910_2 - nextera_transposase_sequence	(1, 0.0)	(2, 0.0)	(3, 0.0)	(4, 0.0)	(5, 0.0)	(6, 0.0)	(7, 0.0)	(8, 0.0)	(9, 0.0)	(10, 0.0)	(15, 0.0)	(20, 0.0)	(25, 0.0)	(30, 0.0)	(35, 0.0024000000000000002)	(40, 0.0116)	(45, 0.022399999999999996)	(50, 0.0268)	(55, 0.0352)	(60, 0.04959999999999999)	(65, 0.061399999999999996)	(70, 0.07440000000000001)	(75, 0.08559999999999998)	(80, 0.09079999999999999)	(85, 0.0978)	(90, 0.1106)	(95, 0.1248)	(100, 0.14700000000000002)	(105, 0.16960000000000003)	(110, 0.19099999999999998)	(115, 0.20800000000000002)	(120, 0.22800000000000004)	(125, 0.2464)	(130, 0.2622)	(135, 0.27580000000000005)	(140, 0.276)
SRR5898910_2 - polyg	(1, 0.029)	(2, 0.029)	(3, 0.029)	(4, 0.029)	(5, 0.029)	(6, 0.029)	(7, 0.029)	(8, 0.031)	(9, 0.031)	(10, 0.0314)	(15, 0.033800000000000004)	(20, 0.034800000000000005)	(25, 0.0352)	(30, 0.0368)	(35, 0.0372)	(40, 0.0386)	(45, 0.041400000000000006)	(50, 0.042)	(55, 0.042)	(60, 0.042)	(65, 0.0452)	(70, 0.046)	(75, 0.046)	(80, 0.046)	(85, 0.046)	(90, 0.046)	(95, 0.047)	(100, 0.0494)	(105, 0.05)	(110, 0.0518)	(115, 0.0634)	(120, 0.0962)	(125, 0.1476)	(130, 0.2096)	(135, 0.2914)	(140, 0.336)
SRR5898911_1 - nextera_transposase_sequence	(1, 0.0)	(2, 0.0)	(3, 0.0)	(4, 0.0)	(5, 0.0)	(6, 0.0)	(7, 0.0)	(8, 0.0)	(9, 0.0)	(10, 0.0)	(15, 0.0)	(20, 0.0)	(25, 0.0)	(30, 0.0008)	(35, 0.0021999999999999997)	(40, 0.0068000000000000005)	(45, 0.01)	(50, 0.0128)	(55, 0.0196)	(60, 0.0254)	(65, 0.0322)	(70, 0.0386)	(75, 0.047)	(80, 0.0536)	(85, 0.059)	(90, 0.066)	(95, 0.0732)	(100, 0.08719999999999999)	(105, 0.0962)	(110, 0.10640000000000001)	(115, 0.1236)	(120, 0.13540000000000002)	(125, 0.1494)	(130, 0.1674)	(135, 0.19080000000000003)	(140, 0.193)
SRR5898911_1 - polyg	(1, 0.0)	(2, 0.0)	(3, 0.0)	(4, 0.0)	(5, 0.0)	(6, 0.0)	(7, 0.0)	(8, 0.0)	(9, 0.0)	(10, 0.0)	(15, 0.0)	(20, 0.0)	(25, 0.0)	(30, 0.0008)	(35, 0.0027999999999999995)	(40, 0.003)	(45, 0.0034000000000000002)	(50, 0.004)	(55, 0.004)	(60, 0.004600000000000001)	(65, 0.005)	(70, 0.005)	(75, 0.005200000000000001)	(80, 0.007000000000000001)	(85, 0.008)	(90, 0.008)	(95, 0.008)	(100, 0.008)	(105, 0.009000000000000001)	(110, 0.0118)	(115, 0.019)	(120, 0.033)	(125, 0.059399999999999994)	(130, 0.088)	(135, 0.128)	(140, 0.143)
SRR5898911_2 - nextera_transposase_sequence	(1, 0.0)	(2, 0.0)	(3, 0.0)	(4, 0.0)	(5, 0.0)	(6, 0.0)	(7, 0.0)	(8, 0.0)	(9, 0.0)	(10, 0.0)	(15, 0.0)	(20, 0.0)	(25, 0.0002)	(30, 0.0014)	(35, 0.0036000000000000003)	(40, 0.0092)	(45, 0.019200000000000002)	(50, 0.028200000000000003)	(55, 0.0378)	(60, 0.0522)	(65, 0.0608)	(70, 0.0698)	(75, 0.08)	(80, 0.08839999999999999)	(85, 0.1048)	(90, 0.122)	(95, 0.1426)	(100, 0.1766)	(105, 0.2004)	(110, 0.22679999999999997)	(115, 0.2668)	(120, 0.3056)	(125, 0.3374)	(130, 0.38380000000000003)	(135, 0.4368)	(140, 0.44)
SRR5898911_2 - polya	(1, 0.0)	(2, 0.0)	(3, 0.0)	(4, 0.0)	(5, 0.0)	(6, 0.0)	(7, 0.0)	(8, 0.0)	(9, 0.0)	(10, 0.0034000000000000002)	(15, 0.0132)	(20, 0.027200000000000002)	(25, 0.0382)	(30, 0.053200000000000004)	(35, 0.0708)	(40, 0.08399999999999999)	(45, 0.09759999999999999)	(50, 0.1116)	(55, 0.1226)	(60, 0.133)	(65, 0.1448)	(70, 0.155)	(75, 0.16440000000000002)	(80, 0.174)	(85, 0.18460000000000001)	(90, 0.196)	(95, 0.21280000000000002)	(100, 0.2234)	(105, 0.24)	(110, 0.25359999999999994)	(115, 0.271)	(120, 0.28959999999999997)	(125, 0.3084)	(130, 0.3294)	(135, 0.34740000000000004)	(140, 0.357)
SRR5898911_2 - polyg	(1, 0.026)	(2, 0.026)	(3, 0.026)	(4, 0.027)	(5, 0.028)	(6, 0.028)	(7, 0.028)	(8, 0.028)	(9, 0.03)	(10, 0.03560000000000001)	(15, 0.038400000000000004)	(20, 0.039400000000000004)	(25, 0.0408)	(30, 0.0412)	(35, 0.044)	(40, 0.047599999999999996)	(45, 0.0508)	(50, 0.0536)	(55, 0.05700000000000001)	(60, 0.059)	(65, 0.0628)	(70, 0.066)	(75, 0.07020000000000001)	(80, 0.0732)	(85, 0.0776)	(90, 0.08120000000000001)	(95, 0.08779999999999999)	(100, 0.09)	(105, 0.09219999999999999)	(110, 0.0996)	(115, 0.11339999999999999)	(120, 0.13440000000000002)	(125, 0.1632)	(130, 0.1898)	(135, 0.238)	(140, 0.269)
SRR5898912_1 - nextera_transposase_sequence	(1, 0.0)	(2, 0.0)	(3, 0.0)	(4, 0.0)	(5, 0.0)	(6, 0.0)	(7, 0.0)	(8, 0.0)	(9, 0.0)	(10, 0.0)	(15, 0.0)	(20, 0.0)	(25, 0.0)	(30, 0.0008)	(35, 0.0038000000000000004)	(40, 0.0098)	(45, 0.0128)	(50, 0.0164)	(55, 0.023399999999999997)	(60, 0.0316)	(65, 0.035)	(70, 0.0388)	(75, 0.044399999999999995)	(80, 0.0524)	(85, 0.059399999999999994)	(90, 0.06820000000000001)	(95, 0.0772)	(100, 0.088)	(105, 0.097)	(110, 0.1004)	(115, 0.1082)	(120, 0.1254)	(125, 0.13820000000000002)	(130, 0.151)	(135, 0.164)	(140, 0.165)
SRR5898912_1 - polyg	(1, 0.002)	(2, 0.002)	(3, 0.002)	(4, 0.002)	(5, 0.002)	(6, 0.002)	(7, 0.002)	(8, 0.002)	(9, 0.002)	(10, 0.002)	(15, 0.002)	(20, 0.002)	(25, 0.002)	(30, 0.002)	(35, 0.0026000000000000003)	(40, 0.003)	(45, 0.003)	(50, 0.003)	(55, 0.0032)	(60, 0.004200000000000001)	(65, 0.005)	(70, 0.0058)	(75, 0.007400000000000001)	(80, 0.008)	(85, 0.0092)	(90, 0.0118)	(95, 0.012199999999999999)	(100, 0.013000000000000001)	(105, 0.013600000000000001)	(110, 0.017800000000000003)	(115, 0.0258)	(120, 0.040400000000000005)	(125, 0.0528)	(130, 0.0748)	(135, 0.0978)	(140, 0.108)
SRR5898912_2 - nextera_transposase_sequence	(1, 0.0)	(2, 0.0)	(3, 0.0)	(4, 0.0)	(5, 0.0)	(6, 0.0)	(7, 0.0)	(8, 0.0)	(9, 0.0)	(10, 0.0)	(15, 0.0)	(20, 0.0)	(25, 0.0)	(30, 0.0008)	(35, 0.0021999999999999997)	(40, 0.0073999999999999995)	(45, 0.013600000000000001)	(50, 0.0252)	(55, 0.038400000000000004)	(60, 0.04959999999999999)	(65, 0.05620000000000001)	(70, 0.0648)	(75, 0.07440000000000001)	(80, 0.08879999999999999)	(85, 0.101)	(90, 0.1116)	(95, 0.1248)	(100, 0.1498)	(105, 0.1722)	(110, 0.20299999999999999)	(115, 0.22820000000000001)	(120, 0.25200000000000006)	(125, 0.2766)	(130, 0.327)	(135, 0.3736)	(140, 0.376)
SRR5898912_2 - polya	(1, 0.0)	(2, 0.0)	(3, 0.0)	(4, 0.0)	(5, 0.0)	(6, 0.0)	(7, 0.0)	(8, 0.0)	(9, 0.0)	(10, 0.0)	(15, 0.0)	(20, 0.0)	(25, 0.0048000000000000004)	(30, 0.018)	(35, 0.026000000000000002)	(40, 0.0322)	(45, 0.038)	(50, 0.045)	(55, 0.0494)	(60, 0.056400000000000006)	(65, 0.0596)	(70, 0.0644)	(75, 0.0738)	(80, 0.077)	(85, 0.079)	(90, 0.08120000000000001)	(95, 0.083)	(100, 0.0844)	(105, 0.088)	(110, 0.09459999999999999)	(115, 0.10500000000000001)	(120, 0.11040000000000001)	(125, 0.11539999999999999)	(130, 0.1254)	(135, 0.1342)	(140, 0.138)
SRR5898912_2 - polyg	(1, 0.029)	(2, 0.029)	(3, 0.031)	(4, 0.033)	(5, 0.034)	(6, 0.034)	(7, 0.034)	(8, 0.035)	(9, 0.036)	(10, 0.044199999999999996)	(15, 0.0518)	(20, 0.0568)	(25, 0.0622)	(30, 0.0664)	(35, 0.07160000000000001)	(40, 0.0742)	(45, 0.076)	(50, 0.07780000000000001)	(55, 0.079)	(60, 0.0826)	(65, 0.08460000000000001)	(70, 0.09019999999999999)	(75, 0.0958)	(80, 0.099)	(85, 0.1016)	(90, 0.1042)	(95, 0.1076)	(100, 0.1116)	(105, 0.11380000000000001)	(110, 0.11400000000000002)	(115, 0.124)	(120, 0.14520000000000002)	(125, 0.17880000000000001)	(130, 0.21000000000000002)	(135, 0.2408)	(140, 0.268)
SRR5898920_1 - nextera_transposase_sequence	(1, 0.0)	(2, 0.0)	(3, 0.0)	(4, 0.0)	(5, 0.0)	(6, 0.0)	(7, 0.0)	(8, 0.0)	(9, 0.0)	(10, 0.0)	(15, 0.0)	(20, 0.0)	(25, 0.0)	(30, 0.0018000000000000002)	(35, 0.0028)	(40, 0.0066)	(45, 0.011199999999999998)	(50, 0.0172)	(55, 0.020800000000000003)	(60, 0.026600000000000002)	(65, 0.0324)	(70, 0.0362)	(75, 0.0398)	(80, 0.047599999999999996)	(85, 0.0516)	(90, 0.055400000000000005)	(95, 0.0648)	(100, 0.07320000000000002)	(105, 0.0776)	(110, 0.08519999999999998)	(115, 0.0914)	(120, 0.10300000000000001)	(125, 0.11000000000000001)	(130, 0.1246)	(135, 0.136)	(140, 0.136)
SRR5898920_1 - polyg	(1, 0.0)	(2, 0.0)	(3, 0.0)	(4, 0.0)	(5, 0.0)	(6, 0.0)	(7, 0.0)	(8, 0.0)	(9, 0.0)	(10, 0.0)	(15, 0.0)	(20, 0.0)	(25, 0.0006000000000000001)	(30, 0.0018000000000000002)	(35, 0.0027999999999999995)	(40, 0.0032)	(45, 0.0044)	(50, 0.005599999999999999)	(55, 0.0068000000000000005)	(60, 0.0094)	(65, 0.01)	(70, 0.0102)	(75, 0.012)	(80, 0.014000000000000002)	(85, 0.016)	(90, 0.0162)	(95, 0.017)	(100, 0.017)	(105, 0.020799999999999996)	(110, 0.0262)	(115, 0.043)	(120, 0.06960000000000001)	(125, 0.10640000000000001)	(130, 0.14940000000000003)	(135, 0.18680000000000002)	(140, 0.213)
SRR5898920_2 - nextera_transposase_sequence	(1, 0.0)	(2, 0.0)	(3, 0.0)	(4, 0.0)	(5, 0.0)	(6, 0.0)	(7, 0.0)	(8, 0.0)	(9, 0.0)	(10, 0.0)	(15, 0.0)	(20, 0.0)	(25, 0.0)	(30, 0.0008)	(35, 0.0036000000000000003)	(40, 0.006)	(45, 0.009)	(50, 0.0168)	(55, 0.0264)	(60, 0.0308)	(65, 0.035)	(70, 0.040600000000000004)	(75, 0.048799999999999996)	(80, 0.059199999999999996)	(85, 0.0694)	(90, 0.0806)	(95, 0.089)	(100, 0.1008)	(105, 0.11240000000000001)	(110, 0.1262)	(115, 0.137)	(120, 0.1446)	(125, 0.1568)	(130, 0.1702)	(135, 0.18280000000000002)	(140, 0.183)
SRR5898920_2 - polyg	(1, 0.026)	(2, 0.026)	(3, 0.026)	(4, 0.027)	(5, 0.027)	(6, 0.027)	(7, 0.028)	(8, 0.028)	(9, 0.028)	(10, 0.0284)	(15, 0.029200000000000004)	(20, 0.0318)	(25, 0.034)	(30, 0.036199999999999996)	(35, 0.0396)	(40, 0.040400000000000005)	(45, 0.042199999999999994)	(50, 0.043)	(55, 0.043)	(60, 0.04359999999999999)	(65, 0.045)	(70, 0.046)	(75, 0.048)	(80, 0.048)	(85, 0.048799999999999996)	(90, 0.049)	(95, 0.049)	(100, 0.05)	(105, 0.051000000000000004)	(110, 0.0518)	(115, 0.05620000000000001)	(120, 0.0704)	(125, 0.0992)	(130, 0.133)	(135, 0.187)	(140, 0.214)
SRR5898921_1 - nextera_transposase_sequence	(1, 0.0)	(2, 0.0)	(3, 0.0)	(4, 0.0)	(5, 0.0)	(6, 0.0)	(7, 0.0)	(8, 0.0)	(9, 0.0)	(10, 0.0)	(15, 0.0)	(20, 0.0)	(25, 0.0002)	(30, 0.001)	(35, 0.0014)	(40, 0.0024000000000000002)	(45, 0.0036000000000000003)	(50, 0.006)	(55, 0.014000000000000002)	(60, 0.0194)	(65, 0.022799999999999997)	(70, 0.030199999999999998)	(75, 0.0324)	(80, 0.0378)	(85, 0.0408)	(90, 0.0502)	(95, 0.056600000000000004)	(100, 0.069)	(105, 0.0826)	(110, 0.094)	(115, 0.1058)	(120, 0.1136)	(125, 0.1222)	(130, 0.132)	(135, 0.142)	(140, 0.142)
SRR5898921_1 - polyg	(1, 0.0)	(2, 0.0)	(3, 0.0)	(4, 0.0)	(5, 0.0)	(6, 0.0)	(7, 0.0)	(8, 0.0)	(9, 0.0)	(10, 0.0)	(15, 0.0)	(20, 0.0)	(25, 0.0)	(30, 0.0)	(35, 0.0)	(40, 0.0)	(45, 0.001)	(50, 0.001)	(55, 0.001)	(60, 0.001)	(65, 0.0018000000000000002)	(70, 0.0036000000000000003)	(75, 0.005)	(80, 0.005)	(85, 0.005399999999999999)	(90, 0.0068000000000000005)	(95, 0.010400000000000001)	(100, 0.0124)	(105, 0.0134)	(110, 0.016800000000000002)	(115, 0.030199999999999998)	(120, 0.0484)	(125, 0.0748)	(130, 0.1172)	(135, 0.15460000000000002)	(140, 0.183)
SRR5898921_2 - nextera_transposase_sequence	(1, 0.0)	(2, 0.0)	(3, 0.0)	(4, 0.0)	(5, 0.0)	(6, 0.0)	(7, 0.0)	(8, 0.0)	(9, 0.0)	(10, 0.0)	(15, 0.0)	(20, 0.0)	(25, 0.0)	(30, 0.0)	(35, 0.0021999999999999997)	(40, 0.0048000000000000004)	(45, 0.0108)	(50, 0.014000000000000002)	(55, 0.019)	(60, 0.028000000000000004)	(65, 0.03860000000000001)	(70, 0.0498)	(75, 0.055400000000000005)	(80, 0.0638)	(85, 0.07360000000000001)	(90, 0.091)	(95, 0.1044)	(100, 0.11000000000000001)	(105, 0.1204)	(110, 0.131)	(115, 0.1482)	(120, 0.163)	(125, 0.18360000000000004)	(130, 0.2016)	(135, 0.21200000000000002)	(140, 0.212)
SRR5898921_2 - polyg	(1, 0.027)	(2, 0.027)	(3, 0.027)	(4, 0.027)	(5, 0.027)	(6, 0.027)	(7, 0.028)	(8, 0.029)	(9, 0.029)	(10, 0.029000000000000005)	(15, 0.0308)	(20, 0.031)	(25, 0.031)	(30, 0.031)	(35, 0.0314)	(40, 0.0328)	(45, 0.033600000000000005)	(50, 0.036800000000000006)	(55, 0.038)	(60, 0.0388)	(65, 0.041)	(70, 0.0422)	(75, 0.0464)	(80, 0.0484)	(85, 0.051000000000000004)	(90, 0.05500000000000001)	(95, 0.05700000000000001)	(100, 0.0588)	(105, 0.059)	(110, 0.059)	(115, 0.06520000000000001)	(120, 0.08239999999999999)	(125, 0.11080000000000001)	(130, 0.14420000000000002)	(135, 0.19280000000000003)	(140, 0.225)
SRR5898922_1 - nextera_transposase_sequence	(1, 0.0)	(2, 0.0)	(3, 0.0)	(4, 0.0)	(5, 0.0)	(6, 0.0)	(7, 0.0)	(8, 0.0)	(9, 0.0)	(10, 0.0)	(15, 0.0)	(20, 0.0)	(25, 0.0)	(30, 0.0)	(35, 0.0006000000000000001)	(40, 0.0068000000000000005)	(45, 0.013600000000000001)	(50, 0.0196)	(55, 0.0258)	(60, 0.028600000000000004)	(65, 0.0308)	(70, 0.0362)	(75, 0.0398)	(80, 0.0474)	(85, 0.0516)	(90, 0.056400000000000006)	(95, 0.0634)	(100, 0.07300000000000001)	(105, 0.081)	(110, 0.088)	(115, 0.0978)	(120, 0.1066)	(125, 0.1146)	(130, 0.1248)	(135, 0.133)	(140, 0.133)
SRR5898922_1 - polyg	(1, 0.0)	(2, 0.0)	(3, 0.0)	(4, 0.0)	(5, 0.0)	(6, 0.0)	(7, 0.0)	(8, 0.0)	(9, 0.0)	(10, 0.0)	(15, 0.0006000000000000001)	(20, 0.001)	(25, 0.001)	(30, 0.001)	(35, 0.001)	(40, 0.001)	(45, 0.001)	(50, 0.0018000000000000002)	(55, 0.0044)	(60, 0.005399999999999999)	(65, 0.006)	(70, 0.007000000000000001)	(75, 0.008)	(80, 0.008)	(85, 0.0098)	(90, 0.012)	(95, 0.013000000000000001)	(100, 0.0142)	(105, 0.017)	(110, 0.023799999999999998)	(115, 0.047400000000000005)	(120, 0.08460000000000001)	(125, 0.126)	(130, 0.1778)	(135, 0.24160000000000004)	(140, 0.285)
SRR5898922_2 - nextera_transposase_sequence	(1, 0.0)	(2, 0.0)	(3, 0.0)	(4, 0.0)	(5, 0.0)	(6, 0.0)	(7, 0.0)	(8, 0.0)	(9, 0.0)	(10, 0.0)	(15, 0.0)	(20, 0.0)	(25, 0.0002)	(30, 0.0012000000000000001)	(35, 0.0032)	(40, 0.009600000000000001)	(45, 0.014400000000000001)	(50, 0.018800000000000004)	(55, 0.0264)	(60, 0.0388)	(65, 0.0472)	(70, 0.05620000000000001)	(75, 0.0668)	(80, 0.0784)	(85, 0.0958)	(90, 0.11320000000000001)	(95, 0.1236)	(100, 0.1332)	(105, 0.14420000000000002)	(110, 0.1558)	(115, 0.17239999999999997)	(120, 0.188)	(125, 0.2062)	(130, 0.227)	(135, 0.24580000000000002)	(140, 0.246)
SRR5898922_2 - polyg	(1, 0.025)	(2, 0.025)	(3, 0.025)	(4, 0.025)	(5, 0.025)	(6, 0.026)	(7, 0.026)	(8, 0.026)	(9, 0.026)	(10, 0.026000000000000002)	(15, 0.026000000000000002)	(20, 0.026000000000000002)	(25, 0.027000000000000003)	(30, 0.03)	(35, 0.03)	(40, 0.0312)	(45, 0.033)	(50, 0.034)	(55, 0.034600000000000006)	(60, 0.035)	(65, 0.036199999999999996)	(70, 0.037)	(75, 0.0374)	(80, 0.0386)	(85, 0.04)	(90, 0.041)	(95, 0.042)	(100, 0.043)	(105, 0.044399999999999995)	(110, 0.045599999999999995)	(115, 0.0512)	(120, 0.0694)	(125, 0.1)	(130, 0.14240000000000003)	(135, 0.2138)	(140, 0.255)
SRR5898923_1 - nextera_transposase_sequence	(1, 0.0)	(2, 0.0)	(3, 0.0)	(4, 0.0)	(5, 0.0)	(6, 0.0)	(7, 0.0)	(8, 0.0)	(9, 0.0)	(10, 0.0)	(15, 0.0)	(20, 0.0)	(25, 0.0)	(30, 0.0006000000000000001)	(35, 0.007000000000000001)	(40, 0.0154)	(45, 0.019200000000000002)	(50, 0.031)	(55, 0.04059999999999999)	(60, 0.048)	(65, 0.054000000000000006)	(70, 0.0596)	(75, 0.0678)	(80, 0.0764)	(85, 0.09219999999999999)	(90, 0.1072)	(95, 0.11720000000000001)	(100, 0.132)	(105, 0.1456)	(110, 0.1544)	(115, 0.16760000000000003)	(120, 0.184)	(125, 0.19940000000000002)	(130, 0.2116)	(135, 0.22880000000000003)	(140, 0.23)
SRR5898923_1 - polyg	(1, 0.0)	(2, 0.0)	(3, 0.0)	(4, 0.0)	(5, 0.0)	(6, 0.0)	(7, 0.0)	(8, 0.0)	(9, 0.0)	(10, 0.0)	(15, 0.0)	(20, 0.0)	(25, 0.0)	(30, 0.0)	(35, 0.0)	(40, 0.0021999999999999997)	(45, 0.0038)	(50, 0.004)	(55, 0.004)	(60, 0.004)	(65, 0.004600000000000001)	(70, 0.005)	(75, 0.006)	(80, 0.007200000000000001)	(85, 0.008)	(90, 0.008)	(95, 0.009)	(100, 0.0094)	(105, 0.010599999999999998)	(110, 0.019)	(115, 0.0448)	(120, 0.0776)	(125, 0.129)	(130, 0.19859999999999997)	(135, 0.2854)	(140, 0.332)
SRR5898923_2 - nextera_transposase_sequence	(1, 0.0)	(2, 0.0)	(3, 0.0)	(4, 0.0)	(5, 0.0)	(6, 0.0)	(7, 0.0)	(8, 0.0)	(9, 0.0)	(10, 0.0)	(15, 0.0)	(20, 0.0)	(25, 0.0)	(30, 0.0)	(35, 0.0048000000000000004)	(40, 0.014599999999999998)	(45, 0.0232)	(50, 0.0304)	(55, 0.03660000000000001)	(60, 0.0464)	(65, 0.0558)	(70, 0.0664)	(75, 0.0766)	(80, 0.08659999999999998)	(85, 0.1018)	(90, 0.11440000000000002)	(95, 0.12940000000000002)	(100, 0.1508)	(105, 0.16560000000000002)	(110, 0.18179999999999996)	(115, 0.202)	(120, 0.2198)	(125, 0.2424)	(130, 0.2634)	(135, 0.285)	(140, 0.285)
SRR5898923_2 - polyg	(1, 0.026)	(2, 0.026)	(3, 0.026)	(4, 0.026)	(5, 0.026)	(6, 0.026)	(7, 0.026)	(8, 0.027)	(9, 0.027)	(10, 0.029000000000000005)	(15, 0.0314)	(20, 0.032)	(25, 0.032)	(30, 0.0322)	(35, 0.033600000000000005)	(40, 0.0342)	(45, 0.0354)	(50, 0.0374)	(55, 0.038)	(60, 0.0392)	(65, 0.0412)	(70, 0.042)	(75, 0.043)	(80, 0.044)	(85, 0.044)	(90, 0.044)	(95, 0.044199999999999996)	(100, 0.046599999999999996)	(105, 0.0486)	(110, 0.0498)	(115, 0.055400000000000005)	(120, 0.0794)	(125, 0.1166)	(130, 0.1816)	(135, 0.2698)	(140, 0.32)
SRR5898924_1 - nextera_transposase_sequence	(1, 0.0)	(2, 0.0)	(3, 0.0)	(4, 0.0)	(5, 0.0)	(6, 0.0)	(7, 0.0)	(8, 0.0)	(9, 0.0)	(10, 0.0)	(15, 0.0)	(20, 0.0)	(25, 0.0)	(30, 0.0)	(35, 0.0012000000000000001)	(40, 0.002)	(45, 0.0054)	(50, 0.0082)	(55, 0.010599999999999998)	(60, 0.013800000000000002)	(65, 0.0182)	(70, 0.023)	(75, 0.027200000000000002)	(80, 0.0322)	(85, 0.036800000000000006)	(90, 0.042199999999999994)	(95, 0.0508)	(100, 0.0654)	(105, 0.07339999999999999)	(110, 0.08379999999999999)	(115, 0.0992)	(120, 0.11200000000000002)	(125, 0.1226)	(130, 0.1292)	(135, 0.1378)	(140, 0.138)
SRR5898924_1 - polyg	(1, 0.0)	(2, 0.0)	(3, 0.0)	(4, 0.0)	(5, 0.0)	(6, 0.0)	(7, 0.0)	(8, 0.0)	(9, 0.0)	(10, 0.0002)	(15, 0.001)	(20, 0.001)	(25, 0.001)	(30, 0.001)	(35, 0.001)	(40, 0.0026000000000000003)	(45, 0.003)	(50, 0.003)	(55, 0.003)	(60, 0.003)	(65, 0.003)	(70, 0.004)	(75, 0.004)	(80, 0.004)	(85, 0.004)	(90, 0.004)	(95, 0.0044)	(100, 0.005)	(105, 0.005)	(110, 0.009)	(115, 0.0182)	(120, 0.0358)	(125, 0.062)	(130, 0.10400000000000001)	(135, 0.1466)	(140, 0.176)
SRR5898924_2 - nextera_transposase_sequence	(1, 0.0)	(2, 0.0)	(3, 0.0)	(4, 0.0)	(5, 0.0)	(6, 0.0)	(7, 0.0)	(8, 0.0)	(9, 0.0)	(10, 0.0)	(15, 0.0)	(20, 0.0)	(25, 0.0)	(30, 0.0)	(35, 0.0014)	(40, 0.0054)	(45, 0.0094)	(50, 0.0154)	(55, 0.0198)	(60, 0.0258)	(65, 0.0308)	(70, 0.0396)	(75, 0.044599999999999994)	(80, 0.056400000000000006)	(85, 0.066)	(90, 0.0742)	(95, 0.0826)	(100, 0.1002)	(105, 0.11220000000000001)	(110, 0.1244)	(115, 0.1438)	(120, 0.15560000000000002)	(125, 0.1686)	(130, 0.1862)	(135, 0.20659999999999998)	(140, 0.207)
SRR5898924_2 - polyg	(1, 0.02)	(2, 0.02)	(3, 0.02)	(4, 0.021)	(5, 0.022)	(6, 0.023)	(7, 0.024)	(8, 0.024)	(9, 0.024)	(10, 0.0252)	(15, 0.027000000000000003)	(20, 0.028000000000000004)	(25, 0.029000000000000005)	(30, 0.029200000000000004)	(35, 0.03)	(40, 0.031)	(45, 0.032)	(50, 0.0344)	(55, 0.0372)	(60, 0.0392)	(65, 0.040400000000000005)	(70, 0.04359999999999999)	(75, 0.044599999999999994)	(80, 0.045)	(85, 0.046599999999999996)	(90, 0.0484)	(95, 0.0492)	(100, 0.051000000000000004)	(105, 0.051000000000000004)	(110, 0.0524)	(115, 0.056600000000000004)	(120, 0.0786)	(125, 0.11240000000000001)	(130, 0.1572)	(135, 0.20339999999999997)	(140, 0.233)
SRR5898925_1 - nextera_transposase_sequence	(1, 0.0)	(2, 0.0)	(3, 0.0)	(4, 0.0)	(5, 0.0)	(6, 0.0)	(7, 0.0)	(8, 0.0)	(9, 0.0)	(10, 0.0)	(15, 0.0)	(20, 0.0)	(25, 0.0)	(30, 0.0004)	(35, 0.0014)	(40, 0.0021999999999999997)	(45, 0.0054)	(50, 0.0106)	(55, 0.0154)	(60, 0.0198)	(65, 0.022799999999999997)	(70, 0.028800000000000003)	(75, 0.0354)	(80, 0.044399999999999995)	(85, 0.0568)	(90, 0.0596)	(95, 0.062)	(100, 0.068)	(105, 0.08080000000000001)	(110, 0.09019999999999999)	(115, 0.0982)	(120, 0.1058)	(125, 0.11440000000000002)	(130, 0.1238)	(135, 0.1328)	(140, 0.133)
SRR5898925_1 - polyg	(1, 0.0)	(2, 0.001)	(3, 0.001)	(4, 0.001)	(5, 0.001)	(6, 0.001)	(7, 0.001)	(8, 0.001)	(9, 0.001)	(10, 0.0014)	(15, 0.002)	(20, 0.002)	(25, 0.002)	(30, 0.002)	(35, 0.002)	(40, 0.002)	(45, 0.002)	(50, 0.002)	(55, 0.003)	(60, 0.003)	(65, 0.003)	(70, 0.003)	(75, 0.003)	(80, 0.003)	(85, 0.003)	(90, 0.003)	(95, 0.003)	(100, 0.003)	(105, 0.0034000000000000002)	(110, 0.005599999999999999)	(115, 0.0108)	(120, 0.025)	(125, 0.0598)	(130, 0.09419999999999999)	(135, 0.132)	(140, 0.167)
SRR5898925_2 - nextera_transposase_sequence	(1, 0.0)	(2, 0.0)	(3, 0.0)	(4, 0.0)	(5, 0.0)	(6, 0.0)	(7, 0.0)	(8, 0.0)	(9, 0.0)	(10, 0.0)	(15, 0.0)	(20, 0.0)	(25, 0.0)	(30, 0.0)	(35, 0.0012000000000000001)	(40, 0.0038)	(45, 0.0044)	(50, 0.008799999999999999)	(55, 0.0188)	(60, 0.026600000000000002)	(65, 0.0354)	(70, 0.040999999999999995)	(75, 0.0496)	(80, 0.054200000000000005)	(85, 0.0624)	(90, 0.07440000000000001)	(95, 0.08519999999999998)	(100, 0.0948)	(105, 0.1042)	(110, 0.11280000000000001)	(115, 0.13040000000000002)	(120, 0.1472)	(125, 0.15960000000000002)	(130, 0.17039999999999997)	(135, 0.182)	(140, 0.182)
SRR5898925_2 - polyg	(1, 0.03)	(2, 0.031)	(3, 0.033)	(4, 0.033)	(5, 0.033)	(6, 0.033)	(7, 0.033)	(8, 0.033)	(9, 0.035)	(10, 0.0364)	(15, 0.037)	(20, 0.0374)	(25, 0.038400000000000004)	(30, 0.04)	(35, 0.04)	(40, 0.04)	(45, 0.04)	(50, 0.04)	(55, 0.04)	(60, 0.04)	(65, 0.041)	(70, 0.041)	(75, 0.042)	(80, 0.04379999999999999)	(85, 0.046)	(90, 0.048)	(95, 0.0486)	(100, 0.049)	(105, 0.0492)	(110, 0.05)	(115, 0.0526)	(120, 0.068)	(125, 0.09079999999999999)	(130, 0.1222)	(135, 0.16299999999999998)	(140, 0.195)
SRR5898926_1 - nextera_transposase_sequence	(1, 0.0)	(2, 0.0)	(3, 0.0)	(4, 0.0)	(5, 0.0)	(6, 0.0)	(7, 0.0)	(8, 0.0)	(9, 0.0)	(10, 0.0)	(15, 0.0)	(20, 0.0)	(25, 0.0)	(30, 0.0)	(35, 0.0026000000000000003)	(40, 0.005399999999999999)	(45, 0.0068000000000000005)	(50, 0.010199999999999997)	(55, 0.0132)	(60, 0.0156)	(65, 0.0182)	(70, 0.020999999999999998)	(75, 0.023)	(80, 0.0254)	(85, 0.029400000000000003)	(90, 0.036800000000000006)	(95, 0.044199999999999996)	(100, 0.0506)	(105, 0.0546)	(110, 0.0608)	(115, 0.07420000000000002)	(120, 0.08579999999999999)	(125, 0.08859999999999998)	(130, 0.09759999999999999)	(135, 0.10300000000000001)	(140, 0.103)
SRR5898926_1 - polyg	(1, 0.0)	(2, 0.0)	(3, 0.0)	(4, 0.0)	(5, 0.0)	(6, 0.0)	(7, 0.0)	(8, 0.0)	(9, 0.0)	(10, 0.0)	(15, 0.0)	(20, 0.0)	(25, 0.0)	(30, 0.0)	(35, 0.0)	(40, 0.0002)	(45, 0.0016)	(50, 0.002)	(55, 0.003)	(60, 0.003)	(65, 0.004200000000000001)	(70, 0.0058)	(75, 0.006)	(80, 0.006)	(85, 0.0082)	(90, 0.009)	(95, 0.009)	(100, 0.0092)	(105, 0.01)	(110, 0.0134)	(115, 0.022799999999999997)	(120, 0.0422)	(125, 0.0622)	(130, 0.08959999999999999)	(135, 0.11839999999999999)	(140, 0.141)
SRR5898926_2 - nextera_transposase_sequence	(1, 0.0)	(2, 0.0)	(3, 0.0)	(4, 0.0)	(5, 0.0)	(6, 0.0)	(7, 0.0)	(8, 0.0)	(9, 0.0)	(10, 0.0)	(15, 0.0)	(20, 0.0)	(25, 0.0)	(30, 0.0)	(35, 0.0002)	(40, 0.0018000000000000002)	(45, 0.0048000000000000004)	(50, 0.0058)	(55, 0.008400000000000001)	(60, 0.009600000000000001)	(65, 0.010399999999999998)	(70, 0.014600000000000002)	(75, 0.018600000000000002)	(80, 0.024799999999999996)	(85, 0.0316)	(90, 0.0408)	(95, 0.046)	(100, 0.0526)	(105, 0.059399999999999994)	(110, 0.0636)	(115, 0.0698)	(120, 0.0762)	(125, 0.08739999999999999)	(130, 0.1022)	(135, 0.1126)	(140, 0.113)
SRR5898926_2 - polyg	(1, 0.02)	(2, 0.02)	(3, 0.021)	(4, 0.021)	(5, 0.021)	(6, 0.022)	(7, 0.023)	(8, 0.024)	(9, 0.024)	(10, 0.0268)	(15, 0.0284)	(20, 0.03)	(25, 0.0314)	(30, 0.0322)	(35, 0.034)	(40, 0.0354)	(45, 0.0366)	(50, 0.038)	(55, 0.039400000000000004)	(60, 0.04239999999999999)	(65, 0.043199999999999995)	(70, 0.045799999999999993)	(75, 0.047)	(80, 0.0494)	(85, 0.051000000000000004)	(90, 0.0534)	(95, 0.055600000000000004)	(100, 0.06)	(105, 0.0628)	(110, 0.0636)	(115, 0.067)	(120, 0.0782)	(125, 0.096)	(130, 0.1234)	(135, 0.15819999999999998)	(140, 0.181)
SRR5898948_1 - nextera_transposase_sequence	(1, 0.0)	(2, 0.0)	(3, 0.0)	(4, 0.0)	(5, 0.0)	(6, 0.0)	(7, 0.0)	(8, 0.0)	(9, 0.0)	(10, 0.0)	(15, 0.0)	(20, 0.0)	(25, 0.0)	(30, 0.0)	(35, 0.0)	(40, 0.0006000000000000001)	(45, 0.0026000000000000003)	(50, 0.0048000000000000004)	(55, 0.0066)	(60, 0.0118)	(65, 0.0156)	(70, 0.0188)	(75, 0.020799999999999996)	(80, 0.0248)	(85, 0.033)	(90, 0.037)	(95, 0.046599999999999996)	(100, 0.0616)	(105, 0.0698)	(110, 0.09079999999999999)	(115, 0.1096)	(120, 0.1274)	(125, 0.1418)	(130, 0.174)	(135, 0.20379999999999998)	(140, 0.205)
SRR5898948_2 - nextera_transposase_sequence	(1, 0.0)	(2, 0.0)	(3, 0.0)	(4, 0.0)	(5, 0.0)	(6, 0.0)	(7, 0.0)	(8, 0.0)	(9, 0.0)	(10, 0.0)	(15, 0.0)	(20, 0.0)	(25, 0.0)	(30, 0.0)	(35, 0.0)	(40, 0.0006000000000000001)	(45, 0.002)	(50, 0.002)	(55, 0.004200000000000001)	(60, 0.0064)	(65, 0.01)	(70, 0.011399999999999999)	(75, 0.014799999999999999)	(80, 0.0188)	(85, 0.021399999999999995)	(90, 0.027800000000000002)	(95, 0.0382)	(100, 0.0518)	(105, 0.0638)	(110, 0.0718)	(115, 0.083)	(120, 0.11339999999999999)	(125, 0.14600000000000002)	(130, 0.17600000000000002)	(135, 0.2166)	(140, 0.219)
SRR5898950_1 - nextera_transposase_sequence	(1, 0.0)	(2, 0.0)	(3, 0.0)	(4, 0.0)	(5, 0.0)	(6, 0.0)	(7, 0.0)	(8, 0.0)	(9, 0.0)	(10, 0.0)	(15, 0.0)	(20, 0.0)	(25, 0.0)	(30, 0.0)	(35, 0.0004)	(40, 0.001)	(45, 0.0018000000000000002)	(50, 0.002)	(55, 0.0034000000000000002)	(60, 0.004)	(65, 0.0078)	(70, 0.0126)	(75, 0.0176)	(80, 0.0188)	(85, 0.020800000000000003)	(90, 0.0258)	(95, 0.0342)	(100, 0.04179999999999999)	(105, 0.053200000000000004)	(110, 0.0626)	(115, 0.0796)	(120, 0.09159999999999999)	(125, 0.10700000000000001)	(130, 0.1298)	(135, 0.157)	(140, 0.159)
SRR5898950_2 - nextera_transposase_sequence	(1, 0.0)	(2, 0.0)	(3, 0.0)	(4, 0.0)	(5, 0.0)	(6, 0.0)	(7, 0.001)	(8, 0.001)	(9, 0.001)	(10, 0.001)	(15, 0.001)	(20, 0.001)	(25, 0.001)	(30, 0.001)	(35, 0.001)	(40, 0.0014)	(45, 0.002)	(50, 0.002)	(55, 0.0026000000000000003)	(60, 0.004)	(65, 0.004200000000000001)	(70, 0.0058)	(75, 0.006)	(80, 0.0072)	(85, 0.012)	(90, 0.019200000000000002)	(95, 0.029199999999999997)	(100, 0.040600000000000004)	(105, 0.0514)	(110, 0.05840000000000001)	(115, 0.0684)	(120, 0.08499999999999999)	(125, 0.1002)	(130, 0.1242)	(135, 0.148)	(140, 0.149)
SRR5898950_2 - polyg	(1, 0.031)	(2, 0.032)	(3, 0.034)	(4, 0.035)	(5, 0.037)	(6, 0.038)	(7, 0.038)	(8, 0.039)	(9, 0.039)	(10, 0.0452)	(15, 0.048799999999999996)	(20, 0.0546)	(25, 0.05920000000000001)	(30, 0.0636)	(35, 0.0658)	(40, 0.0668)	(45, 0.06920000000000001)	(50, 0.07)	(55, 0.07)	(60, 0.07260000000000001)	(65, 0.076)	(70, 0.0786)	(75, 0.08180000000000001)	(80, 0.08360000000000001)	(85, 0.08559999999999998)	(90, 0.08759999999999998)	(95, 0.088)	(100, 0.08959999999999999)	(105, 0.09179999999999999)	(110, 0.0938)	(115, 0.097)	(120, 0.1028)	(125, 0.1096)	(130, 0.1136)	(135, 0.1162)	(140, 0.118)
SRR5898954_1 - nextera_transposase_sequence	(1, 0.0)	(2, 0.0)	(3, 0.0)	(4, 0.0)	(5, 0.0)	(6, 0.0)	(7, 0.0)	(8, 0.0)	(9, 0.0)	(10, 0.0)	(15, 0.0)	(20, 0.0)	(25, 0.0)	(30, 0.0)	(35, 0.0)	(40, 0.0)	(45, 0.0004)	(50, 0.0024000000000000002)	(55, 0.003)	(60, 0.0046)	(65, 0.0078)	(70, 0.0102)	(75, 0.0132)	(80, 0.017)	(85, 0.022199999999999998)	(90, 0.027200000000000002)	(95, 0.0354)	(100, 0.041999999999999996)	(105, 0.0528)	(110, 0.0674)	(115, 0.08519999999999998)	(120, 0.0988)	(125, 0.11579999999999999)	(130, 0.133)	(135, 0.1588)	(140, 0.161)
SRR5898954_2 - nextera_transposase_sequence	(1, 0.0)	(2, 0.0)	(3, 0.0)	(4, 0.0)	(5, 0.0)	(6, 0.0)	(7, 0.0)	(8, 0.0)	(9, 0.0)	(10, 0.0)	(15, 0.0)	(20, 0.0)	(25, 0.0)	(30, 0.0)	(35, 0.0)	(40, 0.0)	(45, 0.0)	(50, 0.001)	(55, 0.002)	(60, 0.0024000000000000002)	(65, 0.003)	(70, 0.0038)	(75, 0.004)	(80, 0.0072)	(85, 0.01)	(90, 0.013600000000000001)	(95, 0.0176)	(100, 0.0232)	(105, 0.034800000000000005)	(110, 0.0464)	(115, 0.0638)	(120, 0.08279999999999998)	(125, 0.1024)	(130, 0.1318)	(135, 0.16240000000000002)	(140, 0.164)
SRR5898966_1 - nextera_transposase_sequence	(1, 0.0)	(2, 0.0)	(3, 0.0)	(4, 0.0)	(5, 0.0)	(6, 0.0)	(7, 0.0)	(8, 0.0)	(9, 0.0)	(10, 0.0)	(15, 0.0)	(20, 0.0)	(25, 0.0)	(30, 0.0)	(35, 0.0)	(40, 0.0)	(45, 0.0006000000000000001)	(50, 0.0026000000000000003)	(55, 0.005)	(60, 0.0066)	(65, 0.008)	(70, 0.01)	(75, 0.012)	(80, 0.0162)	(85, 0.0198)	(90, 0.0264)	(95, 0.034600000000000006)	(100, 0.044199999999999996)	(105, 0.0568)	(110, 0.0756)	(115, 0.09559999999999999)	(120, 0.1122)	(125, 0.1326)	(130, 0.1518)	(135, 0.17679999999999998)	(140, 0.178)
SRR5898966_2 - nextera_transposase_sequence	(1, 0.0)	(2, 0.0)	(3, 0.0)	(4, 0.0)	(5, 0.0)	(6, 0.0)	(7, 0.0)	(8, 0.0)	(9, 0.0)	(10, 0.0)	(15, 0.0)	(20, 0.0)	(25, 0.0)	(30, 0.0)	(35, 0.0)	(40, 0.0)	(45, 0.0008)	(50, 0.004)	(55, 0.0044)	(60, 0.0094)	(65, 0.0132)	(70, 0.0162)	(75, 0.0182)	(80, 0.022199999999999998)	(85, 0.028200000000000003)	(90, 0.0392)	(95, 0.0512)	(100, 0.061399999999999996)	(105, 0.07300000000000001)	(110, 0.08919999999999999)	(115, 0.11720000000000001)	(120, 0.1466)	(125, 0.16299999999999998)	(130, 0.18519999999999998)	(135, 0.2084)	(140, 0.209)
SRR5898966_2 - polyg	(1, 0.029)	(2, 0.029)	(3, 0.029)	(4, 0.029)	(5, 0.03)	(6, 0.03)	(7, 0.03)	(8, 0.03)	(9, 0.031)	(10, 0.0342)	(15, 0.0382)	(20, 0.0408)	(25, 0.042)	(30, 0.04359999999999999)	(35, 0.045399999999999996)	(40, 0.047599999999999996)	(45, 0.0502)	(50, 0.0524)	(55, 0.054000000000000006)	(60, 0.054000000000000006)	(65, 0.055400000000000005)	(70, 0.05700000000000001)	(75, 0.05720000000000001)	(80, 0.0616)	(85, 0.0634)	(90, 0.0658)	(95, 0.06860000000000001)	(100, 0.07139999999999999)	(105, 0.0722)	(110, 0.0762)	(115, 0.08)	(120, 0.083)	(125, 0.08859999999999998)	(130, 0.0934)	(135, 0.0984)	(140, 0.102)
SRR5898978_1 - nextera_transposase_sequence	(1, 0.0)	(2, 0.0)	(3, 0.0)	(4, 0.0)	(5, 0.0)	(6, 0.0)	(7, 0.0)	(8, 0.0)	(9, 0.001)	(10, 0.001)	(15, 0.001)	(20, 0.001)	(25, 0.001)	(30, 0.001)	(35, 0.001)	(40, 0.0012000000000000001)	(45, 0.002)	(50, 0.0048000000000000004)	(55, 0.0082)	(60, 0.01)	(65, 0.0132)	(70, 0.0176)	(75, 0.021799999999999996)	(80, 0.028200000000000003)	(85, 0.0362)	(90, 0.043399999999999994)	(95, 0.0502)	(100, 0.0534)	(105, 0.0612)	(110, 0.07060000000000001)	(115, 0.078)	(120, 0.08779999999999999)	(125, 0.0938)	(130, 0.1002)	(135, 0.11140000000000001)	(140, 0.112)
SRR5898978_2 - nextera_transposase_sequence	(1, 0.0)	(2, 0.0)	(3, 0.0)	(4, 0.0)	(5, 0.0)	(6, 0.0)	(7, 0.0)	(8, 0.0)	(9, 0.0)	(10, 0.0)	(15, 0.0)	(20, 0.0)	(25, 0.0)	(30, 0.0)	(35, 0.0004)	(40, 0.001)	(45, 0.004)	(50, 0.0086)	(55, 0.014000000000000002)	(60, 0.019400000000000004)	(65, 0.024399999999999998)	(70, 0.028600000000000004)	(75, 0.036000000000000004)	(80, 0.042199999999999994)	(85, 0.047599999999999996)	(90, 0.0538)	(95, 0.07220000000000001)	(100, 0.08959999999999999)	(105, 0.0998)	(110, 0.11400000000000002)	(115, 0.127)	(120, 0.136)	(125, 0.14579999999999999)	(130, 0.1588)	(135, 0.1748)	(140, 0.175)
SRR5898978_2 - polya	(1, 0.0)	(2, 0.0)	(3, 0.0)	(4, 0.0)	(5, 0.0)	(6, 0.0)	(7, 0.0)	(8, 0.0)	(9, 0.0)	(10, 0.0004)	(15, 0.001)	(20, 0.0012000000000000001)	(25, 0.0028000000000000004)	(30, 0.0112)	(35, 0.0196)	(40, 0.0248)	(45, 0.0332)	(50, 0.0388)	(55, 0.047799999999999995)	(60, 0.0516)	(65, 0.0534)	(70, 0.0558)	(75, 0.06)	(80, 0.0646)	(85, 0.0678)	(90, 0.0684)	(95, 0.069)	(100, 0.07220000000000001)	(105, 0.074)	(110, 0.0752)	(115, 0.078)	(120, 0.08)	(125, 0.08459999999999998)	(130, 0.0904)	(135, 0.0974)	(140, 0.1)
SRR5898979_1 - nextera_transposase_sequence	(1, 0.0)	(2, 0.0)	(3, 0.0)	(4, 0.0)	(5, 0.0)	(6, 0.0)	(7, 0.0)	(8, 0.0)	(9, 0.0)	(10, 0.0)	(15, 0.0)	(20, 0.0)	(25, 0.0)	(30, 0.0)	(35, 0.0)	(40, 0.002)	(45, 0.0027999999999999995)	(50, 0.0034000000000000002)	(55, 0.005200000000000001)	(60, 0.0084)	(65, 0.0126)	(70, 0.0154)	(75, 0.0196)	(80, 0.023399999999999997)	(85, 0.0294)	(90, 0.035800000000000005)	(95, 0.045599999999999995)	(100, 0.05600000000000001)	(105, 0.068)	(110, 0.081)	(115, 0.1002)	(120, 0.121)	(125, 0.1408)	(130, 0.1702)	(135, 0.20140000000000002)	(140, 0.203)
SRR5898979_2 - nextera_transposase_sequence	(1, 0.0)	(2, 0.0)	(3, 0.0)	(4, 0.0)	(5, 0.0)	(6, 0.0)	(7, 0.0)	(8, 0.0)	(9, 0.0)	(10, 0.0)	(15, 0.0)	(20, 0.001)	(25, 0.001)	(30, 0.001)	(35, 0.001)	(40, 0.001)	(45, 0.002)	(50, 0.0038)	(55, 0.005200000000000001)	(60, 0.0068000000000000005)	(65, 0.0086)	(70, 0.0126)	(75, 0.016)	(80, 0.023799999999999998)	(85, 0.03)	(90, 0.038400000000000004)	(95, 0.04359999999999999)	(100, 0.0504)	(105, 0.0636)	(110, 0.0734)	(115, 0.08919999999999999)	(120, 0.10640000000000001)	(125, 0.1326)	(130, 0.16499999999999998)	(135, 0.20060000000000003)	(140, 0.203)
SRR5898980_1 - nextera_transposase_sequence	(1, 0.0)	(2, 0.0)	(3, 0.0)	(4, 0.0)	(5, 0.0)	(6, 0.0)	(7, 0.0)	(8, 0.0)	(9, 0.0)	(10, 0.0)	(15, 0.0)	(20, 0.0)	(25, 0.0)	(30, 0.0)	(35, 0.0)	(40, 0.0)	(45, 0.0004)	(50, 0.0018000000000000002)	(55, 0.0028)	(60, 0.005)	(65, 0.0064)	(70, 0.01)	(75, 0.012)	(80, 0.0158)	(85, 0.018)	(90, 0.0252)	(95, 0.0334)	(100, 0.040400000000000005)	(105, 0.048799999999999996)	(110, 0.0618)	(115, 0.08020000000000001)	(120, 0.0934)	(125, 0.11080000000000001)	(130, 0.1348)	(135, 0.1548)	(140, 0.156)
SRR5898980_2 - nextera_transposase_sequence	(1, 0.0)	(2, 0.0)	(3, 0.0)	(4, 0.0)	(5, 0.0)	(6, 0.0)	(7, 0.0)	(8, 0.0)	(9, 0.0)	(10, 0.0006000000000000001)	(15, 0.001)	(20, 0.001)	(25, 0.001)	(30, 0.001)	(35, 0.001)	(40, 0.002)	(45, 0.002)	(50, 0.0024000000000000002)	(55, 0.004600000000000001)	(60, 0.005)	(65, 0.006)	(70, 0.0066)	(75, 0.0082)	(80, 0.010599999999999998)	(85, 0.0132)	(90, 0.0196)	(95, 0.0246)	(100, 0.029400000000000003)	(105, 0.0388)	(110, 0.054200000000000005)	(115, 0.0656)	(120, 0.08379999999999999)	(125, 0.0962)	(130, 0.11760000000000001)	(135, 0.14579999999999999)	(140, 0.147)
SRR5898981_2 - nextera_transposase_sequence	(1, 0.0)	(2, 0.0)	(3, 0.0)	(4, 0.0)	(5, 0.0)	(6, 0.0)	(7, 0.0)	(8, 0.0)	(9, 0.0)	(10, 0.0)	(15, 0.0)	(20, 0.0)	(25, 0.0)	(30, 0.0004)	(35, 0.001)	(40, 0.0014)	(45, 0.002)	(50, 0.003)	(55, 0.004)	(60, 0.006)	(65, 0.007200000000000001)	(70, 0.009)	(75, 0.013000000000000001)	(80, 0.017400000000000002)	(85, 0.021199999999999997)	(90, 0.027600000000000003)	(95, 0.033600000000000005)	(100, 0.04)	(105, 0.046)	(110, 0.0548)	(115, 0.063)	(120, 0.07740000000000001)	(125, 0.091)	(130, 0.1072)	(135, 0.1282)	(140, 0.129)
SRR5898982_2 - nextera_transposase_sequence	(1, 0.0)	(2, 0.0)	(3, 0.0)	(4, 0.0)	(5, 0.0)	(6, 0.0)	(7, 0.0)	(8, 0.0)	(9, 0.0)	(10, 0.001)	(15, 0.001)	(20, 0.0016)	(25, 0.002)	(30, 0.002)	(35, 0.002)	(40, 0.003)	(45, 0.004)	(50, 0.005)	(55, 0.005)	(60, 0.0086)	(65, 0.0126)	(70, 0.015)	(75, 0.016800000000000002)	(80, 0.020200000000000003)	(85, 0.0246)	(90, 0.028000000000000004)	(95, 0.0328)	(100, 0.037000000000000005)	(105, 0.04379999999999999)	(110, 0.0518)	(115, 0.05900000000000001)	(120, 0.06860000000000001)	(125, 0.0792)	(130, 0.08839999999999999)	(135, 0.10200000000000001)	(140, 0.102)
SRR5898982_2 - polyg	(1, 0.027)	(2, 0.027)	(3, 0.027)	(4, 0.028)	(5, 0.03)	(6, 0.03)	(7, 0.03)	(8, 0.03)	(9, 0.03)	(10, 0.0308)	(15, 0.031)	(20, 0.033)	(25, 0.034800000000000005)	(30, 0.036)	(35, 0.038400000000000004)	(40, 0.0402)	(45, 0.04279999999999999)	(50, 0.044)	(55, 0.04479999999999999)	(60, 0.0464)	(65, 0.047799999999999995)	(70, 0.0498)	(75, 0.052000000000000005)	(80, 0.054000000000000006)	(85, 0.056600000000000004)	(90, 0.0598)	(95, 0.061)	(100, 0.064)	(105, 0.0654)	(110, 0.06820000000000001)	(115, 0.0738)	(120, 0.0774)	(125, 0.08280000000000001)	(130, 0.09319999999999999)	(135, 0.1072)	(140, 0.121)
SRR5898984_1 - nextera_transposase_sequence	(1, 0.0)	(2, 0.0)	(3, 0.0)	(4, 0.0)	(5, 0.0)	(6, 0.0)	(7, 0.0)	(8, 0.0)	(9, 0.0)	(10, 0.0)	(15, 0.0)	(20, 0.0)	(25, 0.0)	(30, 0.0)	(35, 0.0)	(40, 0.0006000000000000001)	(45, 0.001)	(50, 0.0038)	(55, 0.0058)	(60, 0.007200000000000001)	(65, 0.008799999999999999)	(70, 0.013000000000000001)	(75, 0.016800000000000002)	(80, 0.0254)	(85, 0.0328)	(90, 0.04259999999999999)	(95, 0.0518)	(100, 0.062)	(105, 0.0758)	(110, 0.0924)	(115, 0.11339999999999999)	(120, 0.1298)	(125, 0.14820000000000003)	(130, 0.1774)	(135, 0.20099999999999998)	(140, 0.202)
SRR5898984_2 - nextera_transposase_sequence	(1, 0.0)	(2, 0.0)	(3, 0.0)	(4, 0.0)	(5, 0.0)	(6, 0.0)	(7, 0.0)	(8, 0.0)	(9, 0.0)	(10, 0.0)	(15, 0.0)	(20, 0.0)	(25, 0.0)	(30, 0.0)	(35, 0.0)	(40, 0.0)	(45, 0.0008)	(50, 0.0016)	(55, 0.0026000000000000003)	(60, 0.0048000000000000004)	(65, 0.0062)	(70, 0.007000000000000001)	(75, 0.009600000000000001)	(80, 0.0162)	(85, 0.021199999999999997)	(90, 0.0254)	(95, 0.036800000000000006)	(100, 0.04959999999999999)	(105, 0.0598)	(110, 0.0766)	(115, 0.097)	(120, 0.11720000000000001)	(125, 0.1436)	(130, 0.1758)	(135, 0.2068)	(140, 0.208)
SRR5898985_1 - nextera_transposase_sequence	(1, 0.0)	(2, 0.0)	(3, 0.0)	(4, 0.0)	(5, 0.0)	(6, 0.0)	(7, 0.0)	(8, 0.0)	(9, 0.0)	(10, 0.0)	(15, 0.0)	(20, 0.0)	(25, 0.0)	(30, 0.0)	(35, 0.0008)	(40, 0.0021999999999999997)	(45, 0.0046)	(50, 0.0072)	(55, 0.009600000000000001)	(60, 0.0132)	(65, 0.018)	(70, 0.0246)	(75, 0.027600000000000003)	(80, 0.03)	(85, 0.0314)	(90, 0.036800000000000006)	(95, 0.04479999999999999)	(100, 0.0518)	(105, 0.0626)	(110, 0.07440000000000001)	(115, 0.08479999999999999)	(120, 0.0964)	(125, 0.10540000000000001)	(130, 0.11680000000000001)	(135, 0.1254)	(140, 0.126)
SRR5898985_2 - nextera_transposase_sequence	(1, 0.0)	(2, 0.0)	(3, 0.0)	(4, 0.0)	(5, 0.0)	(6, 0.0)	(7, 0.0)	(8, 0.0)	(9, 0.0)	(10, 0.0)	(15, 0.0)	(20, 0.0)	(25, 0.0)	(30, 0.0)	(35, 0.0002)	(40, 0.0038000000000000004)	(45, 0.0058)	(50, 0.010400000000000001)	(55, 0.014000000000000002)	(60, 0.0172)	(65, 0.0226)	(70, 0.029200000000000004)	(75, 0.0344)	(80, 0.0398)	(85, 0.049)	(90, 0.05700000000000001)	(95, 0.065)	(100, 0.0776)	(105, 0.0934)	(110, 0.11480000000000001)	(115, 0.1388)	(120, 0.1612)	(125, 0.183)	(130, 0.2044)	(135, 0.227)	(140, 0.228)
SRR5898986_1 - nextera_transposase_sequence	(1, 0.0)	(2, 0.0)	(3, 0.0)	(4, 0.0)	(5, 0.0)	(6, 0.0)	(7, 0.0)	(8, 0.0)	(9, 0.0)	(10, 0.0)	(15, 0.0)	(20, 0.0)	(25, 0.0)	(30, 0.0)	(35, 0.0006000000000000001)	(40, 0.0018000000000000002)	(45, 0.004)	(50, 0.006)	(55, 0.0088)	(60, 0.013800000000000002)	(65, 0.016800000000000002)	(70, 0.0196)	(75, 0.021200000000000004)	(80, 0.0306)	(85, 0.038000000000000006)	(90, 0.04479999999999999)	(95, 0.055200000000000006)	(100, 0.067)	(105, 0.0774)	(110, 0.1026)	(115, 0.121)	(120, 0.13740000000000002)	(125, 0.1584)	(130, 0.18099999999999997)	(135, 0.2136)	(140, 0.216)
SRR5898986_2 - nextera_transposase_sequence	(1, 0.0)	(2, 0.0)	(3, 0.0)	(4, 0.0)	(5, 0.0)	(6, 0.0)	(7, 0.0)	(8, 0.0)	(9, 0.0)	(10, 0.0)	(15, 0.0)	(20, 0.0)	(25, 0.0)	(30, 0.0)	(35, 0.0)	(40, 0.0)	(45, 0.0014)	(50, 0.0044)	(55, 0.0058)	(60, 0.0068000000000000005)	(65, 0.0088)	(70, 0.0116)	(75, 0.0152)	(80, 0.026000000000000002)	(85, 0.034800000000000005)	(90, 0.04279999999999999)	(95, 0.05620000000000001)	(100, 0.06820000000000001)	(105, 0.07880000000000001)	(110, 0.094)	(115, 0.11100000000000002)	(120, 0.1262)	(125, 0.1478)	(130, 0.1728)	(135, 0.2088)	(140, 0.21)
SRR5898987_2 - nextera_transposase_sequence	(1, 0.0)	(2, 0.0)	(3, 0.0)	(4, 0.0)	(5, 0.0)	(6, 0.0)	(7, 0.0)	(8, 0.0)	(9, 0.0)	(10, 0.0)	(15, 0.0)	(20, 0.0)	(25, 0.0)	(30, 0.0)	(35, 0.0)	(40, 0.0)	(45, 0.0006000000000000001)	(50, 0.0016)	(55, 0.003)	(60, 0.0038)	(65, 0.0058)	(70, 0.0082)	(75, 0.0116)	(80, 0.015000000000000003)	(85, 0.019200000000000002)	(90, 0.0256)	(95, 0.0308)	(100, 0.034)	(105, 0.040600000000000004)	(110, 0.0528)	(115, 0.0708)	(120, 0.08459999999999998)	(125, 0.1006)	(130, 0.11839999999999999)	(135, 0.13340000000000002)	(140, 0.134)
SRR5898987_2 - polyg	(1, 0.021)	(2, 0.021)	(3, 0.022)	(4, 0.022)	(5, 0.022)	(6, 0.023)	(7, 0.023)	(8, 0.025)	(9, 0.025)	(10, 0.0258)	(15, 0.0264)	(20, 0.0274)	(25, 0.029200000000000004)	(30, 0.0312)	(35, 0.033)	(40, 0.033800000000000004)	(45, 0.0362)	(50, 0.0376)	(55, 0.038)	(60, 0.039)	(65, 0.04279999999999999)	(70, 0.044)	(75, 0.0472)	(80, 0.05)	(85, 0.0508)	(90, 0.052000000000000005)	(95, 0.0522)	(100, 0.056600000000000004)	(105, 0.059199999999999996)	(110, 0.0606)	(115, 0.0622)	(120, 0.0658)	(125, 0.07120000000000001)	(130, 0.08119999999999998)	(135, 0.09319999999999999)	(140, 0.102)
SRR5899005_1 - nextera_transposase_sequence	(1, 0.0)	(2, 0.0)	(3, 0.0)	(4, 0.0)	(5, 0.0)	(6, 0.0)	(7, 0.0)	(8, 0.0)	(9, 0.0)	(10, 0.0)	(15, 0.0)	(20, 0.0)	(25, 0.0)	(30, 0.0)	(35, 0.0)	(40, 0.0016)	(45, 0.0042)	(50, 0.007000000000000001)	(55, 0.011199999999999998)	(60, 0.014800000000000002)	(65, 0.0204)	(70, 0.0274)	(75, 0.0354)	(80, 0.04159999999999999)	(85, 0.0494)	(90, 0.053200000000000004)	(95, 0.0608)	(100, 0.066)	(105, 0.078)	(110, 0.0894)	(115, 0.0988)	(120, 0.1086)	(125, 0.1162)	(130, 0.1308)	(135, 0.1424)	(140, 0.143)
SRR5899005_1 - polyg	(1, 0.0)	(2, 0.0)	(3, 0.0)	(4, 0.0)	(5, 0.0)	(6, 0.0)	(7, 0.0)	(8, 0.0)	(9, 0.0)	(10, 0.0)	(15, 0.0)	(20, 0.0)	(25, 0.0006000000000000001)	(30, 0.001)	(35, 0.001)	(40, 0.0018000000000000002)	(45, 0.0044)	(50, 0.005399999999999999)	(55, 0.007000000000000001)	(60, 0.009600000000000001)	(65, 0.012)	(70, 0.0126)	(75, 0.013000000000000001)	(80, 0.013800000000000002)	(85, 0.014000000000000002)	(90, 0.014000000000000002)	(95, 0.014400000000000001)	(100, 0.0152)	(105, 0.016)	(110, 0.016800000000000002)	(115, 0.026000000000000002)	(120, 0.04279999999999999)	(125, 0.0622)	(130, 0.08779999999999999)	(135, 0.1146)	(140, 0.128)
SRR5899005_2 - nextera_transposase_sequence	(1, 0.0)	(2, 0.0)	(3, 0.0)	(4, 0.0)	(5, 0.0)	(6, 0.0)	(7, 0.0)	(8, 0.0)	(9, 0.0)	(10, 0.0)	(15, 0.0)	(20, 0.0)	(25, 0.0002)	(30, 0.001)	(35, 0.0026000000000000003)	(40, 0.0078)	(45, 0.018000000000000002)	(50, 0.024)	(55, 0.0318)	(60, 0.043399999999999994)	(65, 0.055200000000000006)	(70, 0.06760000000000001)	(75, 0.08280000000000001)	(80, 0.0938)	(85, 0.1078)	(90, 0.1252)	(95, 0.13940000000000002)	(100, 0.1602)	(105, 0.18460000000000001)	(110, 0.2142)	(115, 0.2394)	(120, 0.268)	(125, 0.30500000000000005)	(130, 0.34)	(135, 0.36879999999999996)	(140, 0.371)
SRR5899005_2 - polya	(1, 0.0)	(2, 0.0)	(3, 0.0)	(4, 0.0)	(5, 0.0)	(6, 0.0)	(7, 0.0)	(8, 0.0)	(9, 0.0)	(10, 0.0002)	(15, 0.001)	(20, 0.0018000000000000002)	(25, 0.0084)	(30, 0.0188)	(35, 0.029200000000000004)	(40, 0.0362)	(45, 0.0386)	(50, 0.04239999999999999)	(55, 0.048)	(60, 0.0558)	(65, 0.062)	(70, 0.068)	(75, 0.07100000000000001)	(80, 0.075)	(85, 0.0776)	(90, 0.081)	(95, 0.08759999999999998)	(100, 0.0938)	(105, 0.1)	(110, 0.1036)	(115, 0.10800000000000001)	(120, 0.11520000000000001)	(125, 0.12079999999999999)	(130, 0.1248)	(135, 0.1298)	(140, 0.135)
SRR5899005_2 - polyg	(1, 0.027)	(2, 0.027)	(3, 0.027)	(4, 0.027)	(5, 0.027)	(6, 0.027)	(7, 0.029)	(8, 0.029)	(9, 0.029)	(10, 0.029400000000000003)	(15, 0.034800000000000005)	(20, 0.0396)	(25, 0.041)	(30, 0.044)	(35, 0.048)	(40, 0.0512)	(45, 0.0528)	(50, 0.0546)	(55, 0.056400000000000006)	(60, 0.0608)	(65, 0.065)	(70, 0.06720000000000001)	(75, 0.06860000000000001)	(80, 0.0714)	(85, 0.0762)	(90, 0.08)	(95, 0.08320000000000001)	(100, 0.08679999999999999)	(105, 0.09159999999999999)	(110, 0.0954)	(115, 0.1026)	(120, 0.129)	(125, 0.16440000000000002)	(130, 0.20259999999999997)	(135, 0.24900000000000003)	(140, 0.272)
SRR5899006_1 - nextera_transposase_sequence	(1, 0.0)	(2, 0.0)	(3, 0.0)	(4, 0.0)	(5, 0.0)	(6, 0.0)	(7, 0.0)	(8, 0.0)	(9, 0.0)	(10, 0.0)	(15, 0.0)	(20, 0.0)	(25, 0.0)	(30, 0.0)	(35, 0.002)	(40, 0.007400000000000001)	(45, 0.0126)	(50, 0.0188)	(55, 0.027200000000000002)	(60, 0.03660000000000001)	(65, 0.0452)	(70, 0.0508)	(75, 0.0568)	(80, 0.06520000000000001)	(85, 0.0782)	(90, 0.086)	(95, 0.0968)	(100, 0.1096)	(105, 0.121)	(110, 0.1328)	(115, 0.1584)	(120, 0.17659999999999995)	(125, 0.18520000000000003)	(130, 0.2064)	(135, 0.2346)	(140, 0.236)
SRR5899006_1 - polyg	(1, 0.0)	(2, 0.0)	(3, 0.0)	(4, 0.0)	(5, 0.0)	(6, 0.0)	(7, 0.0)	(8, 0.0)	(9, 0.0)	(10, 0.0)	(15, 0.0)	(20, 0.0)	(25, 0.0008)	(30, 0.001)	(35, 0.001)	(40, 0.001)	(45, 0.001)	(50, 0.001)	(55, 0.001)	(60, 0.0012000000000000001)	(65, 0.002)	(70, 0.002)	(75, 0.0021999999999999997)	(80, 0.0034000000000000002)	(85, 0.004)	(90, 0.004200000000000001)	(95, 0.005399999999999999)	(100, 0.0066)	(105, 0.0078)	(110, 0.0116)	(115, 0.025)	(120, 0.047799999999999995)	(125, 0.0744)	(130, 0.1048)	(135, 0.1366)	(140, 0.156)
SRR5899006_2 - nextera_transposase_sequence	(1, 0.0)	(2, 0.0)	(3, 0.0)	(4, 0.0)	(5, 0.0)	(6, 0.0)	(7, 0.0)	(8, 0.0)	(9, 0.0)	(10, 0.0)	(15, 0.0)	(20, 0.0)	(25, 0.0)	(30, 0.0)	(35, 0.0034000000000000002)	(40, 0.0078)	(45, 0.0154)	(50, 0.026000000000000002)	(55, 0.0392)	(60, 0.0522)	(65, 0.066)	(70, 0.08)	(75, 0.1028)	(80, 0.1204)	(85, 0.1436)	(90, 0.16799999999999998)	(95, 0.192)	(100, 0.22640000000000002)	(105, 0.2576)	(110, 0.28979999999999995)	(115, 0.32039999999999996)	(120, 0.35119999999999996)	(125, 0.3872)	(130, 0.4351999999999999)	(135, 0.47459999999999997)	(140, 0.477)
SRR5899006_2 - polya	(1, 0.0)	(2, 0.0)	(3, 0.0)	(4, 0.0)	(5, 0.0)	(6, 0.0)	(7, 0.0)	(8, 0.0)	(9, 0.0)	(10, 0.0)	(15, 0.001)	(20, 0.0018000000000000002)	(25, 0.004399999999999999)	(30, 0.0084)	(35, 0.0194)	(40, 0.0252)	(45, 0.0308)	(50, 0.0362)	(55, 0.04239999999999999)	(60, 0.0482)	(65, 0.0522)	(70, 0.057600000000000005)	(75, 0.064)	(80, 0.0698)	(85, 0.0754)	(90, 0.0792)	(95, 0.08819999999999999)	(100, 0.0924)	(105, 0.094)	(110, 0.1016)	(115, 0.10880000000000001)	(120, 0.1162)	(125, 0.1256)	(130, 0.13040000000000002)	(135, 0.14100000000000001)	(140, 0.144)
SRR5899006_2 - polyg	(1, 0.027)	(2, 0.027)	(3, 0.027)	(4, 0.027)	(5, 0.027)	(6, 0.028)	(7, 0.028)	(8, 0.029)	(9, 0.029)	(10, 0.030199999999999998)	(15, 0.0312)	(20, 0.033)	(25, 0.034800000000000005)	(30, 0.0376)	(35, 0.0408)	(40, 0.041)	(45, 0.041)	(50, 0.04239999999999999)	(55, 0.044399999999999995)	(60, 0.046599999999999996)	(65, 0.0528)	(70, 0.055200000000000006)	(75, 0.0596)	(80, 0.0622)	(85, 0.065)	(90, 0.0664)	(95, 0.06820000000000001)	(100, 0.06920000000000001)	(105, 0.0746)	(110, 0.08279999999999998)	(115, 0.09519999999999999)	(120, 0.11640000000000002)	(125, 0.15140000000000003)	(130, 0.2056)	(135, 0.2652)	(140, 0.304)
SRR5899007_1 - nextera_transposase_sequence	(1, 0.0)	(2, 0.0)	(3, 0.0)	(4, 0.0)	(5, 0.0)	(6, 0.0)	(7, 0.0)	(8, 0.0)	(9, 0.0)	(10, 0.0)	(15, 0.0)	(20, 0.0)	(25, 0.0)	(30, 0.0)	(35, 0.0012000000000000001)	(40, 0.0056)	(45, 0.01)	(50, 0.0132)	(55, 0.014000000000000002)	(60, 0.0156)	(65, 0.0196)	(70, 0.0248)	(75, 0.0324)	(80, 0.0354)	(85, 0.041999999999999996)	(90, 0.0492)	(95, 0.0558)	(100, 0.0666)	(105, 0.08120000000000001)	(110, 0.09059999999999999)	(115, 0.1044)	(120, 0.11639999999999999)	(125, 0.1266)	(130, 0.1378)	(135, 0.1572)	(140, 0.158)
SRR5899007_1 - polyg	(1, 0.0)	(2, 0.0)	(3, 0.0)	(4, 0.0)	(5, 0.0)	(6, 0.0)	(7, 0.0)	(8, 0.0)	(9, 0.0)	(10, 0.0)	(15, 0.0)	(20, 0.0)	(25, 0.0)	(30, 0.0)	(35, 0.0)	(40, 0.0016)	(45, 0.002)	(50, 0.002)	(55, 0.002)	(60, 0.002)	(65, 0.003)	(70, 0.0036000000000000003)	(75, 0.004)	(80, 0.005)	(85, 0.005)	(90, 0.005)	(95, 0.005)	(100, 0.0058)	(105, 0.0062)	(110, 0.0098)	(115, 0.017)	(120, 0.029800000000000004)	(125, 0.0536)	(130, 0.07600000000000001)	(135, 0.1004)	(140, 0.117)
SRR5899007_2 - nextera_transposase_sequence	(1, 0.0)	(2, 0.0)	(3, 0.0)	(4, 0.0)	(5, 0.0)	(6, 0.0)	(7, 0.0)	(8, 0.0)	(9, 0.0)	(10, 0.0)	(15, 0.0)	(20, 0.0)	(25, 0.0)	(30, 0.0)	(35, 0.0026000000000000003)	(40, 0.0096)	(45, 0.0182)	(50, 0.0226)	(55, 0.028800000000000003)	(60, 0.041199999999999994)	(65, 0.0506)	(70, 0.0626)	(75, 0.07600000000000001)	(80, 0.0894)	(85, 0.10300000000000001)	(90, 0.11640000000000002)	(95, 0.1308)	(100, 0.1528)	(105, 0.1758)	(110, 0.1972)	(115, 0.2278)	(120, 0.2606)	(125, 0.2894)	(130, 0.3232)	(135, 0.3666)	(140, 0.371)
SRR5899007_2 - polya	(1, 0.0)	(2, 0.0)	(3, 0.0)	(4, 0.0)	(5, 0.0)	(6, 0.0)	(7, 0.0)	(8, 0.0)	(9, 0.0)	(10, 0.0)	(15, 0.0)	(20, 0.0012000000000000001)	(25, 0.006)	(30, 0.014599999999999998)	(35, 0.021599999999999998)	(40, 0.0258)	(45, 0.0308)	(50, 0.037000000000000005)	(55, 0.044399999999999995)	(60, 0.048799999999999996)	(65, 0.05500000000000001)	(70, 0.061399999999999996)	(75, 0.0732)	(80, 0.07880000000000001)	(85, 0.08459999999999998)	(90, 0.09019999999999999)	(95, 0.09259999999999999)	(100, 0.0958)	(105, 0.0994)	(110, 0.1044)	(115, 0.1096)	(120, 0.11579999999999999)	(125, 0.1214)	(130, 0.1282)	(135, 0.1376)	(140, 0.143)
SRR5899007_2 - polyg	(1, 0.034)	(2, 0.034)	(3, 0.034)	(4, 0.034)	(5, 0.035)	(6, 0.035)	(7, 0.035)	(8, 0.035)	(9, 0.036)	(10, 0.0376)	(15, 0.040400000000000005)	(20, 0.04259999999999999)	(25, 0.047)	(30, 0.0492)	(35, 0.0514)	(40, 0.0538)	(45, 0.05600000000000001)	(50, 0.058399999999999994)	(55, 0.059)	(60, 0.0618)	(65, 0.0654)	(70, 0.06720000000000001)	(75, 0.07100000000000001)	(80, 0.0726)	(85, 0.0742)	(90, 0.077)	(95, 0.07980000000000001)	(100, 0.0844)	(105, 0.09059999999999999)	(110, 0.09519999999999999)	(115, 0.1068)	(120, 0.1278)	(125, 0.15460000000000002)	(130, 0.18919999999999998)	(135, 0.22960000000000003)	(140, 0.263)
SRR5899017_1 - nextera_transposase_sequence	(1, 0.0)	(2, 0.0)	(3, 0.0)	(4, 0.0)	(5, 0.0)	(6, 0.0)	(7, 0.0)	(8, 0.0)	(9, 0.0)	(10, 0.0)	(15, 0.0)	(20, 0.0)	(25, 0.0)	(30, 0.0)	(35, 0.0)	(40, 0.0)	(45, 0.0008)	(50, 0.001)	(55, 0.001)	(60, 0.0018000000000000002)	(65, 0.002)	(70, 0.003)	(75, 0.0066)	(80, 0.01)	(85, 0.0132)	(90, 0.016800000000000002)	(95, 0.020200000000000003)	(100, 0.027200000000000002)	(105, 0.033)	(110, 0.041999999999999996)	(115, 0.0596)	(120, 0.07500000000000001)	(125, 0.09219999999999999)	(130, 0.11640000000000002)	(135, 0.1466)	(140, 0.148)
SRR5899017_2 - nextera_transposase_sequence	(1, 0.0)	(2, 0.0)	(3, 0.0)	(4, 0.0)	(5, 0.0)	(6, 0.0)	(7, 0.0)	(8, 0.0)	(9, 0.0)	(10, 0.0)	(15, 0.0)	(20, 0.0)	(25, 0.0)	(30, 0.0)	(35, 0.0)	(40, 0.0004)	(45, 0.001)	(50, 0.001)	(55, 0.0016)	(60, 0.0021999999999999997)	(65, 0.004)	(70, 0.0044)	(75, 0.0062)	(80, 0.0088)	(85, 0.0128)	(90, 0.0162)	(95, 0.020200000000000003)	(100, 0.024999999999999998)	(105, 0.0328)	(110, 0.0408)	(115, 0.0502)	(120, 0.061)	(125, 0.07320000000000002)	(130, 0.09559999999999999)	(135, 0.1258)	(140, 0.128)
SRR8865577_1 - nextera_transposase_sequence	(1, 0.0)	(2, 0.0)	(3, 0.0)	(4, 0.0)	(5, 0.0)	(6, 0.0)	(7, 0.0)	(8, 0.0)	(9, 0.0)	(10, 0.0)	(15, 0.0)	(20, 0.0)	(25, 0.0004)	(30, 0.001)	(35, 0.001)	(40, 0.001)	(45, 0.001)	(50, 0.001)	(55, 0.001)	(60, 0.001)	(65, 0.001)	(70, 0.001)	(75, 0.001)	(80, 0.001)	(85, 0.001)	(90, 0.0038000000000000004)	(95, 0.009)	(100, 0.0134)	(105, 0.0206)	(110, 0.029200000000000004)	(115, 0.04179999999999999)	(120, 0.0522)	(125, 0.067)	(130, 0.087)	(135, 0.1048)	(140, 0.105)
SRR8865577_2 - nextera_transposase_sequence	(1, 0.0)	(2, 0.0)	(3, 0.0)	(4, 0.0)	(5, 0.0)	(6, 0.0)	(7, 0.0)	(8, 0.0)	(9, 0.0)	(10, 0.0)	(15, 0.0)	(20, 0.0)	(25, 0.0)	(30, 0.0)	(35, 0.0)	(40, 0.0)	(45, 0.0)	(50, 0.0)	(55, 0.0)	(60, 0.0)	(65, 0.0)	(70, 0.002)	(75, 0.006)	(80, 0.0078)	(85, 0.009999999999999998)	(90, 0.0132)	(95, 0.0214)	(100, 0.034600000000000006)	(105, 0.0548)	(110, 0.0738)	(115, 0.0982)	(120, 0.1338)	(125, 0.1742)	(130, 0.22960000000000003)	(135, 0.2624)	(140, 0.264)
SRR8865582_1 - nextera_transposase_sequence	(1, 0.0)	(2, 0.0)	(3, 0.0)	(4, 0.0)	(5, 0.0)	(6, 0.0)	(7, 0.0)	(8, 0.0)	(9, 0.0)	(10, 0.0)	(15, 0.0)	(20, 0.0)	(25, 0.0)	(30, 0.0)	(35, 0.0)	(40, 0.0)	(45, 0.0)	(50, 0.0)	(55, 0.0)	(60, 0.0)	(65, 0.0)	(70, 0.0004)	(75, 0.0012000000000000001)	(80, 0.003)	(85, 0.0058)	(90, 0.0098)	(95, 0.016999999999999998)	(100, 0.027600000000000003)	(105, 0.0398)	(110, 0.0508)	(115, 0.06820000000000001)	(120, 0.088)	(125, 0.11259999999999999)	(130, 0.1468)	(135, 0.17159999999999997)	(140, 0.172)
SRR8865582_2 - nextera_transposase_sequence	(1, 0.0)	(2, 0.0)	(3, 0.0)	(4, 0.0)	(5, 0.0)	(6, 0.0)	(7, 0.0)	(8, 0.0)	(9, 0.0)	(10, 0.0)	(15, 0.0)	(20, 0.0)	(25, 0.0)	(30, 0.0)	(35, 0.0)	(40, 0.0)	(45, 0.0)	(50, 0.0)	(55, 0.0)	(60, 0.0012000000000000001)	(65, 0.0026000000000000003)	(70, 0.0036000000000000003)	(75, 0.0064)	(80, 0.009600000000000001)	(85, 0.015)	(90, 0.026600000000000002)	(95, 0.0386)	(100, 0.056400000000000006)	(105, 0.08759999999999998)	(110, 0.1096)	(115, 0.15180000000000002)	(120, 0.2036)	(125, 0.26759999999999995)	(130, 0.3338)	(135, 0.3776)	(140, 0.38)
SRR8865583_1 - nextera_transposase_sequence	(1, 0.0)	(2, 0.0)	(3, 0.0)	(4, 0.0)	(5, 0.0)	(6, 0.0)	(7, 0.0)	(8, 0.0)	(9, 0.0)	(10, 0.0)	(15, 0.0)	(20, 0.0)	(25, 0.0)	(30, 0.0)	(35, 0.0)	(40, 0.0)	(45, 0.0)	(50, 0.0)	(55, 0.0)	(60, 0.0008)	(65, 0.002)	(70, 0.002)	(75, 0.0024000000000000002)	(80, 0.004200000000000001)	(85, 0.008)	(90, 0.012199999999999999)	(95, 0.0184)	(100, 0.0264)	(105, 0.033600000000000005)	(110, 0.046)	(115, 0.0586)	(120, 0.0666)	(125, 0.07780000000000001)	(130, 0.0962)	(135, 0.1214)	(140, 0.123)
SRR8865583_2 - nextera_transposase_sequence	(1, 0.0)	(2, 0.0)	(3, 0.0)	(4, 0.0)	(5, 0.0)	(6, 0.0)	(7, 0.0)	(8, 0.0)	(9, 0.0)	(10, 0.0)	(15, 0.0)	(20, 0.0)	(25, 0.0)	(30, 0.0)	(35, 0.0)	(40, 0.0)	(45, 0.0)	(50, 0.0)	(55, 0.0)	(60, 0.0008)	(65, 0.002)	(70, 0.0021999999999999997)	(75, 0.0046)	(80, 0.0094)	(85, 0.013600000000000001)	(90, 0.021599999999999998)	(95, 0.0268)	(100, 0.0472)	(105, 0.06760000000000001)	(110, 0.087)	(115, 0.1096)	(120, 0.14820000000000003)	(125, 0.1828)	(130, 0.233)	(135, 0.2772)	(140, 0.28)
SRR8865584_2 - nextera_transposase_sequence	(1, 0.0)	(2, 0.0)	(3, 0.0)	(4, 0.0)	(5, 0.0)	(6, 0.0)	(7, 0.0)	(8, 0.0)	(9, 0.0)	(10, 0.0)	(15, 0.0)	(20, 0.0)	(25, 0.0)	(30, 0.0)	(35, 0.0)	(40, 0.0)	(45, 0.0)	(50, 0.0)	(55, 0.0)	(60, 0.0)	(65, 0.0)	(70, 0.0004)	(75, 0.0032)	(80, 0.005)	(85, 0.005)	(90, 0.009600000000000001)	(95, 0.019200000000000002)	(100, 0.0284)	(105, 0.040600000000000004)	(110, 0.06000000000000001)	(115, 0.08639999999999999)	(120, 0.1196)	(125, 0.15820000000000004)	(130, 0.2036)	(135, 0.2412)	(140, 0.245)
SRR8865585_1 - nextera_transposase_sequence	(1, 0.0)	(2, 0.0)	(3, 0.0)	(4, 0.0)	(5, 0.0)	(6, 0.0)	(7, 0.0)	(8, 0.0)	(9, 0.0)	(10, 0.0)	(15, 0.0)	(20, 0.0)	(25, 0.0)	(30, 0.0)	(35, 0.0)	(40, 0.0)	(45, 0.0)	(50, 0.0)	(55, 0.0)	(60, 0.0)	(65, 0.0)	(70, 0.0)	(75, 0.0)	(80, 0.0008)	(85, 0.004)	(90, 0.006)	(95, 0.010599999999999998)	(100, 0.015000000000000003)	(105, 0.019999999999999997)	(110, 0.029600000000000005)	(115, 0.044599999999999994)	(120, 0.056999999999999995)	(125, 0.0678)	(130, 0.087)	(135, 0.1044)	(140, 0.105)
SRR8865585_2 - nextera_transposase_sequence	(1, 0.0)	(2, 0.0)	(3, 0.0)	(4, 0.0)	(5, 0.0)	(6, 0.0)	(7, 0.0)	(8, 0.0)	(9, 0.0)	(10, 0.0)	(15, 0.0)	(20, 0.0)	(25, 0.0)	(30, 0.0)	(35, 0.0)	(40, 0.0)	(45, 0.0)	(50, 0.0)	(55, 0.0)	(60, 0.0)	(65, 0.0)	(70, 0.0008)	(75, 0.0034000000000000002)	(80, 0.0054)	(85, 0.012199999999999999)	(90, 0.0164)	(95, 0.0252)	(100, 0.0352)	(105, 0.045599999999999995)	(110, 0.06860000000000001)	(115, 0.09459999999999999)	(120, 0.1274)	(125, 0.16560000000000002)	(130, 0.22820000000000001)	(135, 0.27440000000000003)	(140, 0.276)
SRR8865589_2 - nextera_transposase_sequence	(1, 0.0)	(2, 0.0)	(3, 0.0)	(4, 0.0)	(5, 0.0)	(6, 0.0)	(7, 0.0)	(8, 0.0)	(9, 0.0)	(10, 0.0)	(15, 0.0)	(20, 0.0)	(25, 0.0)	(30, 0.0)	(35, 0.0002)	(40, 0.001)	(45, 0.001)	(50, 0.001)	(55, 0.001)	(60, 0.001)	(65, 0.0016)	(70, 0.0024000000000000002)	(75, 0.004600000000000001)	(80, 0.0068000000000000005)	(85, 0.010199999999999997)	(90, 0.011399999999999999)	(95, 0.0164)	(100, 0.026600000000000002)	(105, 0.0388)	(110, 0.0586)	(115, 0.075)	(120, 0.1022)	(125, 0.1278)	(130, 0.1674)	(135, 0.20600000000000002)	(140, 0.207)
SRR8865591_2 - nextera_transposase_sequence	(1, 0.0)	(2, 0.0)	(3, 0.0)	(4, 0.0)	(5, 0.0)	(6, 0.0)	(7, 0.0)	(8, 0.0)	(9, 0.0)	(10, 0.0)	(15, 0.0)	(20, 0.0)	(25, 0.0)	(30, 0.0)	(35, 0.0)	(40, 0.0)	(45, 0.0)	(50, 0.0004)	(55, 0.001)	(60, 0.001)	(65, 0.002)	(70, 0.0036000000000000003)	(75, 0.004200000000000001)	(80, 0.0056)	(85, 0.010400000000000001)	(90, 0.0154)	(95, 0.020800000000000003)	(100, 0.028000000000000004)	(105, 0.0352)	(110, 0.048799999999999996)	(115, 0.0694)	(120, 0.1036)	(125, 0.14880000000000002)	(130, 0.18559999999999996)	(135, 0.217)	(140, 0.218)
SRR8865592_2 - nextera_transposase_sequence	(1, 0.0)	(2, 0.0)	(3, 0.0)	(4, 0.0)	(5, 0.0)	(6, 0.0)	(7, 0.0)	(8, 0.0)	(9, 0.0)	(10, 0.0)	(15, 0.0)	(20, 0.0)	(25, 0.0)	(30, 0.0)	(35, 0.0)	(40, 0.0)	(45, 0.0)	(50, 0.0)	(55, 0.0)	(60, 0.0018000000000000002)	(65, 0.002)	(70, 0.0021999999999999997)	(75, 0.0054)	(80, 0.0076)	(85, 0.0098)	(90, 0.014799999999999999)	(95, 0.0172)	(100, 0.021799999999999996)	(105, 0.030200000000000005)	(110, 0.044)	(115, 0.06)	(120, 0.08399999999999999)	(125, 0.122)	(130, 0.16399999999999998)	(135, 0.198)	(140, 0.2)
SRR8865597_2 - nextera_transposase_sequence	(1, 0.0)	(2, 0.0)	(3, 0.0)	(4, 0.0)	(5, 0.0)	(6, 0.0)	(7, 0.0)	(8, 0.0)	(9, 0.0)	(10, 0.0)	(15, 0.0)	(20, 0.0)	(25, 0.0)	(30, 0.0)	(35, 0.0)	(40, 0.0)	(45, 0.0)	(50, 0.0)	(55, 0.0)	(60, 0.0)	(65, 0.0006000000000000001)	(70, 0.0021999999999999997)	(75, 0.0032)	(80, 0.0048000000000000004)	(85, 0.008400000000000001)	(90, 0.013000000000000001)	(95, 0.019200000000000002)	(100, 0.022799999999999997)	(105, 0.0304)	(110, 0.04239999999999999)	(115, 0.062)	(120, 0.08579999999999999)	(125, 0.1226)	(130, 0.17320000000000002)	(135, 0.2088)	(140, 0.21)
SRR8865598_1 - nextera_transposase_sequence	(1, 0.0)	(2, 0.0)	(3, 0.0)	(4, 0.0)	(5, 0.0)	(6, 0.0)	(7, 0.0)	(8, 0.0)	(9, 0.0)	(10, 0.0)	(15, 0.0)	(20, 0.0)	(25, 0.0)	(30, 0.0)	(35, 0.0)	(40, 0.0)	(45, 0.0)	(50, 0.0)	(55, 0.0)	(60, 0.0)	(65, 0.0)	(70, 0.0)	(75, 0.0008)	(80, 0.0016)	(85, 0.002)	(90, 0.0028000000000000004)	(95, 0.007000000000000001)	(100, 0.013800000000000002)	(105, 0.018800000000000004)	(110, 0.0246)	(115, 0.0354)	(120, 0.04179999999999999)	(125, 0.0548)	(130, 0.0774)	(135, 0.10400000000000001)	(140, 0.106)
SRR8865598_2 - nextera_transposase_sequence	(1, 0.0)	(2, 0.0)	(3, 0.0)	(4, 0.0)	(5, 0.0)	(6, 0.0)	(7, 0.0)	(8, 0.0)	(9, 0.0)	(10, 0.0)	(15, 0.0)	(20, 0.0)	(25, 0.0)	(30, 0.0)	(35, 0.0)	(40, 0.0)	(45, 0.0)	(50, 0.0)	(55, 0.0)	(60, 0.0)	(65, 0.0)	(70, 0.0)	(75, 0.003)	(80, 0.006)	(85, 0.008)	(90, 0.011399999999999999)	(95, 0.015)	(100, 0.0204)	(105, 0.0312)	(110, 0.0516)	(115, 0.0806)	(120, 0.11200000000000002)	(125, 0.15140000000000003)	(130, 0.1992)	(135, 0.24359999999999998)	(140, 0.245)
