.	Basic Statistics	Per Base Sequence Quality	Per Sequence Quality Scores	Per Base Sequence Content	Per Sequence GC Content	Per Base N Content	Sequence Length Distribution	Sequence Duplication Levels	Overrepresented Sequences	Adapter Content
SRR5898908_1	1	1	1	0.5	0.5	1	0.5	1	1	1
SRR5898908_2	1	0.5	1	0.25	0.5	1	0.5	1	1	1
SRR5898909_1	1	1	1	0.5	1	1	0.5	1	1	1
SRR5898909_2	1	0.5	1	0.25	1	1	0.5	1	1	1
SRR5898910_1	1	1	1	0.5	0.5	1	0.5	1	1	1
SRR5898910_2	1	1	1	0.5	0.5	1	0.5	1	1	1
SRR5898911_1	1	1	1	0.5	0.5	1	0.5	1	1	1
SRR5898911_2	1	0.5	1	0.25	0.5	1	0.5	1	1	1
SRR5898912_1	1	1	1	0.5	0.5	1	0.5	1	1	1
SRR5898912_2	1	0.5	1	0.25	0.5	1	0.5	1	1	1
SRR5898920_1	1	1	1	0.5	0.5	1	0.5	1	1	1
SRR5898920_2	1	1	1	0.5	0.5	1	0.5	1	1	1
SRR5898921_1	1	1	1	0.5	0.5	1	0.5	1	1	1
SRR5898921_2	1	1	1	0.5	0.5	1	0.5	1	1	1
SRR5898922_1	1	1	1	0.5	1	1	0.5	1	1	1
SRR5898922_2	1	1	1	0.5	1	1	0.5	1	1	1
SRR5898923_1	1	1	1	0.5	0.5	1	0.5	1	1	1
SRR5898923_2	1	1	1	0.5	0.5	1	0.5	1	1	1
SRR5898924_1	1	1	1	0.5	0.5	1	0.5	1	1	1
SRR5898924_2	1	1	1	0.25	0.5	1	0.5	1	1	1
SRR5898925_1	1	1	1	0.5	0.5	1	0.5	1	1	1
SRR5898925_2	1	1	1	0.25	0.5	1	0.5	1	1	1
SRR5898926_1	1	1	1	0.5	0.5	1	0.5	1	1	1
SRR5898926_2	1	1	1	0.25	0.5	1	0.5	1	1	1
SRR5898948_1	1	0.5	1	0.25	1	1	0.5	1	1	1
SRR5898948_2	1	0.5	1	0.25	1	1	0.5	1	1	1
SRR5898950_1	1	0.5	1	0.5	1	1	0.5	1	1	1
SRR5898950_2	1	0.5	1	0.25	1	1	0.5	1	1	1
SRR5898954_1	1	0.5	1	0.25	0.25	1	0.5	1	1	1
SRR5898954_2	1	0.5	1	0.25	1	1	0.5	1	1	1
SRR5898966_1	1	0.5	1	0.5	0.5	1	0.5	1	1	1
SRR5898966_2	1	0.5	1	0.5	0.5	1	0.5	1	1	1
SRR5898978_1	1	1	1	0.5	0.5	1	0.5	1	1	1
SRR5898978_2	1	0.5	1	0.5	0.5	1	0.5	1	1	1
SRR5898979_1	1	0.5	1	0.5	0.5	1	0.5	1	1	1
SRR5898979_2	1	0.5	1	0.5	0.5	1	0.5	1	1	1
SRR5898980_1	1	0.5	1	0.5	1	1	0.5	1	1	1
SRR5898980_2	1	0.5	1	0.5	1	1	0.5	1	1	1
SRR5898981_1	1	1	1	0.5	1	1	0.5	1	1	1
SRR5898981_2	1	0.5	1	0.5	1	1	0.5	1	1	1
SRR5898982_1	1	1	1	0.5	1	1	0.5	1	1	1
SRR5898982_2	1	0.5	1	0.5	1	1	0.5	1	1	1
SRR5898983_1	1	1	1	0.25	0.5	1	0.5	1	1	1
SRR5898983_2	1	0.5	1	0.25	0.5	1	0.5	1	1	1
SRR5898984_1	1	0.5	1	0.5	0.5	1	0.5	1	1	1
SRR5898984_2	1	0.5	1	0.25	1	1	0.5	1	1	1
SRR5898985_1	1	1	1	0.25	1	1	0.5	1	1	1
SRR5898985_2	1	0.5	1	0.25	1	1	0.5	1	1	1
SRR5898986_1	1	0.5	1	0.25	0.5	1	0.5	1	1	1
SRR5898986_2	1	0.5	1	0.25	0.5	1	0.5	1	1	1
SRR5898987_1	1	1	1	0.5	0.5	1	0.5	1	1	1
SRR5898987_2	1	0.5	1	0.5	0.5	1	0.5	1	1	1
SRR5899005_1	1	1	1	0.5	0.5	1	0.5	1	1	1
SRR5899005_2	1	0.5	1	0.5	1	1	0.5	1	1	1
SRR5899006_1	1	1	1	0.5	1	1	0.5	1	1	1
SRR5899006_2	1	0.5	1	0.5	1	1	0.5	1	1	1
SRR5899007_1	1	1	1	0.5	0.5	1	0.5	1	1	1
SRR5899007_2	1	0.5	1	0.25	0.5	1	0.5	1	1	1
SRR5899017_1	1	0.5	1	0.5	1	1	0.5	1	1	1
SRR5899017_2	1	0.5	1	0.5	1	1	0.5	1	1	1
SRR8865572_1	1	1	1	0.25	1	1	0.5	1	1	1
SRR8865572_2	1	1	1	0.25	0.5	1	0.5	1	1	1
SRR8865573_1	1	1	1	0.5	1	1	0.5	1	1	1
SRR8865573_2	1	1	1	0.25	1	1	0.5	1	1	1
SRR8865574_1	1	1	1	0.25	1	1	0.5	1	1	1
SRR8865574_2	1	1	1	0.25	1	1	0.5	1	1	1
SRR8865575_1	1	1	1	0.25	1	1	0.5	1	1	1
SRR8865575_2	1	1	1	0.25	1	1	0.5	1	1	1
SRR8865576_1	1	1	1	0.25	1	1	0.5	1	1	1
SRR8865576_2	1	1	1	0.25	1	1	0.5	1	1	1
SRR8865577_1	1	0.5	1	0.5	1	1	0.5	1	1	1
SRR8865577_2	1	0.25	1	0.25	1	1	0.5	1	1	1
SRR8865578_1	1	1	1	0.5	0.5	1	0.5	1	1	1
SRR8865578_2	1	1	1	0.5	0.5	1	0.5	1	1	1
SRR8865579_1	1	1	1	0.25	1	1	0.5	1	1	1
SRR8865579_2	1	1	1	0.25	1	1	0.5	1	1	1
SRR8865580_1	1	1	1	0.5	1	1	0.5	1	1	1
SRR8865580_2	1	1	1	0.5	1	1	0.5	1	1	1
SRR8865581_1	1	1	1	0.25	1	1	0.5	1	1	1
SRR8865581_2	1	1	1	0.25	1	1	0.5	1	1	1
SRR8865582_1	1	0.5	1	0.5	0.5	1	0.5	1	1	1
SRR8865582_2	1	0.25	1	0.25	0.5	1	0.5	1	1	1
SRR8865583_1	1	0.5	1	0.25	1	1	0.5	1	1	1
SRR8865583_2	1	0.25	1	0.25	1	1	0.5	1	1	1
SRR8865584_1	1	0.5	1	0.5	1	1	0.5	1	1	1
SRR8865584_2	1	0.25	1	0.5	1	1	0.5	1	1	1
SRR8865585_1	1	0.5	1	0.25	1	1	0.5	1	1	1
SRR8865585_2	1	0.5	1	0.25	1	1	0.5	1	1	1
SRR8865586_1	1	1	1	0.5	1	1	0.5	1	1	1
SRR8865586_2	1	1	1	0.5	1	1	0.5	1	1	1
SRR8865587_1	1	1	1	0.5	0.5	1	0.5	1	1	1
SRR8865587_2	1	1	1	0.5	0.5	1	0.5	1	1	1
SRR8865588_1	1	1	1	0.5	1	1	0.5	1	1	1
SRR8865588_2	1	1	1	0.25	1	1	0.5	1	1	1
SRR8865589_1	1	0.5	1	0.25	1	1	0.5	1	1	1
SRR8865589_2	1	0.25	1	0.25	1	1	0.5	1	1	1
SRR8865590_1	1	1	1	0.5	1	1	0.5	1	1	1
SRR8865590_2	1	1	1	0.25	1	1	0.5	1	1	1
SRR8865591_1	1	0.5	1	0.25	1	1	0.5	1	1	1
SRR8865591_2	1	0.25	1	0.25	1	1	0.5	1	1	1
SRR8865592_1	1	0.5	1	0.25	0.5	1	0.5	1	1	1
SRR8865592_2	1	0.25	1	0.25	0.5	1	0.5	1	1	1
SRR8865593_1	1	1	1	0.5	1	1	0.5	1	1	1
SRR8865593_2	1	1	1	0.5	1	1	0.5	1	1	1
SRR8865594_1	1	1	1	0.5	0.25	1	0.5	1	1	1
SRR8865594_2	1	1	1	0.25	0.25	1	0.5	1	1	1
SRR8865595_1	1	1	1	0.25	1	1	0.5	1	1	1
SRR8865595_2	1	1	1	0.25	1	1	0.5	1	1	1
SRR8865596_1	1	1	1	0.5	0.5	1	0.5	1	1	1
SRR8865596_2	1	1	1	0.25	0.5	1	0.5	1	1	1
SRR8865597_1	1	0.5	1	0.25	0.25	1	0.5	1	1	1
SRR8865597_2	1	0.25	1	0.25	0.25	1	0.5	1	1	1
SRR8865598_1	1	0.5	1	0.25	0.5	1	0.5	1	1	1
SRR8865598_2	1	0.25	1	0.25	0.5	1	0.5	1	1	1
SRR8865599_1	1	1	1	0.5	1	1	0.5	1	1	1
SRR8865599_2	1	1	1	0.5	1	1	0.5	1	1	1
SRR8865600_1	1	1	1	0.5	0.5	1	0.5	1	1	1
SRR8865600_2	1	1	1	0.25	0.5	1	0.5	1	1	1
SRR8865601_1	1	1	1	0.5	1	1	0.5	1	1	1
SRR8865601_2	1	1	1	0.5	1	1	0.5	1	1	1
