Sample	0	1	2	3	4	5	6	7	8	9	10	11	12	13	14	15	16	17	18	19	20	21	22	23	24	25	26	27	28	29	30	31	32	33	34	35	36	37	38	39	40	41	42	43	44	45
SRR5898908_1	(30, 224.0)	(35, 964.0)	(40, 1293.0)	(45, 1464.0)	(50, 1502.0)	(55, 1599.0)	(60, 1622.0)	(65, 1641.0)	(70, 1835.0)	(75, 1759.0)	(80, 1830.0)	(85, 1748.0)	(90, 1798.0)	(95, 1753.0)	(100, 1738.0)	(105, 1742.0)	(110, 1766.0)	(115, 1656.0)	(120, 1777.0)	(125, 1665.0)	(130, 1659.0)	(135, 1760.0)	(140, 1702.0)	(145, 6446.0)	(150, 57057.0)																					
SRR5898908_2	(30, 221.0)	(35, 938.0)	(40, 1261.0)	(45, 1429.0)	(50, 1482.0)	(55, 1561.0)	(60, 1582.0)	(65, 1592.0)	(70, 1769.0)	(75, 1710.0)	(80, 1777.0)	(85, 1673.0)	(90, 1743.0)	(95, 1673.0)	(100, 1641.0)	(105, 1623.0)	(110, 1665.0)	(115, 1530.0)	(120, 1616.0)	(125, 1516.0)	(130, 1421.0)	(135, 1589.0)	(140, 1416.0)	(145, 5374.0)	(150, 60198.0)																					
SRR5898909_1	(30, 292.0)	(35, 1107.0)	(40, 1477.0)	(45, 1602.0)	(50, 1709.0)	(55, 1775.0)	(60, 1822.0)	(65, 1918.0)	(70, 1848.0)	(75, 1903.0)	(80, 1930.0)	(85, 1861.0)	(90, 1864.0)	(95, 1917.0)	(100, 1943.0)	(105, 1873.0)	(110, 1940.0)	(115, 1819.0)	(120, 1805.0)	(125, 1688.0)	(130, 1727.0)	(135, 1673.0)	(140, 1661.0)	(145, 5775.0)	(150, 55071.0)																					
SRR5898909_2	(30, 289.0)	(35, 1088.0)	(40, 1456.0)	(45, 1590.0)	(50, 1689.0)	(55, 1747.0)	(60, 1802.0)	(65, 1880.0)	(70, 1823.0)	(75, 1856.0)	(80, 1886.0)	(85, 1803.0)	(90, 1817.0)	(95, 1833.0)	(100, 1866.0)	(105, 1776.0)	(110, 1795.0)	(115, 1653.0)	(120, 1635.0)	(125, 1517.0)	(130, 1509.0)	(135, 1511.0)	(140, 1403.0)	(145, 5045.0)	(150, 57731.0)																					
SRR5898910_1	(35, 1122.0)	(40, 1464.0)	(45, 1626.0)	(50, 1648.0)	(55, 1767.0)	(60, 1847.0)	(65, 1834.0)	(70, 1983.0)	(75, 2004.0)	(80, 1989.0)	(85, 1985.0)	(90, 2121.0)	(95, 1961.0)	(100, 2027.0)	(105, 2082.0)	(110, 2004.0)	(115, 1896.0)	(120, 1980.0)	(125, 1915.0)	(130, 1847.0)	(135, 1804.0)	(140, 1843.0)	(145, 6257.0)	(150, 52994.0)																						
SRR5898910_2	(35, 1098.0)	(40, 1442.0)	(45, 1620.0)	(50, 1637.0)	(55, 1733.0)	(60, 1828.0)	(65, 1791.0)	(70, 1986.0)	(75, 1954.0)	(80, 1963.0)	(85, 1944.0)	(90, 2093.0)	(95, 1889.0)	(100, 1988.0)	(105, 2024.0)	(110, 1910.0)	(115, 1825.0)	(120, 1916.0)	(125, 1849.0)	(130, 1751.0)	(135, 1764.0)	(140, 1768.0)	(145, 5932.0)	(150, 54295.0)																						
SRR5898911_1	(30, 135.0)	(35, 737.0)	(40, 982.0)	(45, 1158.0)	(50, 1205.0)	(55, 1287.0)	(60, 1448.0)	(65, 1595.0)	(70, 1701.0)	(75, 1684.0)	(80, 1808.0)	(85, 1897.0)	(90, 1907.0)	(95, 1950.0)	(100, 1913.0)	(105, 2019.0)	(110, 1973.0)	(115, 1888.0)	(120, 1846.0)	(125, 1898.0)	(130, 1834.0)	(135, 1907.0)	(140, 1753.0)	(145, 6536.0)	(150, 56939.0)																					
SRR5898911_2	(30, 131.0)	(35, 718.0)	(40, 950.0)	(45, 1129.0)	(50, 1168.0)	(55, 1239.0)	(60, 1403.0)	(65, 1538.0)	(70, 1650.0)	(75, 1623.0)	(80, 1746.0)	(85, 1821.0)	(90, 1809.0)	(95, 1824.0)	(100, 1812.0)	(105, 1895.0)	(110, 1812.0)	(115, 1702.0)	(120, 1630.0)	(125, 1677.0)	(130, 1531.0)	(135, 1676.0)	(140, 1436.0)	(145, 5680.0)	(150, 60400.0)																					
SRR5898912_1	(30, 197.0)	(35, 855.0)	(40, 1048.0)	(45, 1263.0)	(50, 1317.0)	(55, 1389.0)	(60, 1507.0)	(65, 1553.0)	(70, 1663.0)	(75, 1688.0)	(80, 1753.0)	(85, 1600.0)	(90, 1804.0)	(95, 1699.0)	(100, 1810.0)	(105, 1726.0)	(110, 1782.0)	(115, 1730.0)	(120, 1719.0)	(125, 1620.0)	(130, 1701.0)	(135, 1594.0)	(140, 1580.0)	(145, 6529.0)	(150, 58873.0)																					
SRR5898912_2	(30, 196.0)	(35, 835.0)	(40, 1024.0)	(45, 1235.0)	(50, 1278.0)	(55, 1346.0)	(60, 1471.0)	(65, 1503.0)	(70, 1626.0)	(75, 1632.0)	(80, 1690.0)	(85, 1557.0)	(90, 1744.0)	(95, 1607.0)	(100, 1747.0)	(105, 1612.0)	(110, 1651.0)	(115, 1594.0)	(120, 1581.0)	(125, 1444.0)	(130, 1459.0)	(135, 1441.0)	(140, 1318.0)	(145, 5427.0)	(150, 61982.0)																					
SRR5898920_1	(35, 515.0)	(40, 694.0)	(45, 880.0)	(50, 984.0)	(55, 1102.0)	(60, 1159.0)	(65, 1228.0)	(70, 1311.0)	(75, 1382.0)	(80, 1475.0)	(85, 1528.0)	(90, 1624.0)	(95, 1586.0)	(100, 1705.0)	(105, 1632.0)	(110, 1700.0)	(115, 1703.0)	(120, 1781.0)	(125, 1745.0)	(130, 1808.0)	(135, 1805.0)	(140, 1685.0)	(145, 6814.0)	(150, 62154.0)																						
SRR5898920_2	(35, 515.0)	(40, 683.0)	(45, 870.0)	(50, 984.0)	(55, 1091.0)	(60, 1153.0)	(65, 1205.0)	(70, 1291.0)	(75, 1374.0)	(80, 1488.0)	(85, 1481.0)	(90, 1600.0)	(95, 1556.0)	(100, 1673.0)	(105, 1606.0)	(110, 1660.0)	(115, 1667.0)	(120, 1750.0)	(125, 1713.0)	(130, 1754.0)	(135, 1791.0)	(140, 1653.0)	(145, 6403.0)	(150, 63039.0)																						
SRR5898921_1	(35, 445.0)	(40, 618.0)	(45, 792.0)	(50, 883.0)	(55, 1025.0)	(60, 1094.0)	(65, 1242.0)	(70, 1248.0)	(75, 1415.0)	(80, 1409.0)	(85, 1491.0)	(90, 1594.0)	(95, 1627.0)	(100, 1595.0)	(105, 1632.0)	(110, 1620.0)	(115, 1578.0)	(120, 1686.0)	(125, 1694.0)	(130, 1647.0)	(135, 1695.0)	(140, 1629.0)	(145, 6511.0)	(150, 63830.0)																						
SRR5898921_2	(35, 435.0)	(40, 600.0)	(45, 772.0)	(50, 865.0)	(55, 1011.0)	(60, 1096.0)	(65, 1216.0)	(70, 1230.0)	(75, 1389.0)	(80, 1387.0)	(85, 1447.0)	(90, 1581.0)	(95, 1617.0)	(100, 1556.0)	(105, 1593.0)	(110, 1590.0)	(115, 1549.0)	(120, 1635.0)	(125, 1632.0)	(130, 1609.0)	(135, 1647.0)	(140, 1565.0)	(145, 6211.0)	(150, 64767.0)																						
SRR5898922_1	(35, 632.0)	(40, 819.0)	(45, 1025.0)	(50, 1100.0)	(55, 1246.0)	(60, 1268.0)	(65, 1389.0)	(70, 1441.0)	(75, 1457.0)	(80, 1501.0)	(85, 1594.0)	(90, 1484.0)	(95, 1609.0)	(100, 1609.0)	(105, 1592.0)	(110, 1754.0)	(115, 1645.0)	(120, 1681.0)	(125, 1673.0)	(130, 1735.0)	(135, 1695.0)	(140, 1676.0)	(145, 6148.0)	(150, 62227.0)																						
SRR5898922_2	(35, 629.0)	(40, 820.0)	(45, 1014.0)	(50, 1083.0)	(55, 1220.0)	(60, 1252.0)	(65, 1382.0)	(70, 1418.0)	(75, 1455.0)	(80, 1478.0)	(85, 1567.0)	(90, 1458.0)	(95, 1584.0)	(100, 1573.0)	(105, 1565.0)	(110, 1679.0)	(115, 1593.0)	(120, 1609.0)	(125, 1623.0)	(130, 1663.0)	(135, 1656.0)	(140, 1590.0)	(145, 5939.0)	(150, 63150.0)																						
SRR5898923_1	(35, 834.0)	(40, 1094.0)	(45, 1272.0)	(50, 1428.0)	(55, 1553.0)	(60, 1672.0)	(65, 1776.0)	(70, 1808.0)	(75, 1945.0)	(80, 1919.0)	(85, 2014.0)	(90, 2021.0)	(95, 2090.0)	(100, 2064.0)	(105, 2071.0)	(110, 2074.0)	(115, 2003.0)	(120, 2019.0)	(125, 1965.0)	(130, 1980.0)	(135, 1963.0)	(140, 1873.0)	(145, 6163.0)	(150, 54399.0)																						
SRR5898923_2	(35, 818.0)	(40, 1096.0)	(45, 1243.0)	(50, 1392.0)	(55, 1514.0)	(60, 1645.0)	(65, 1732.0)	(70, 1766.0)	(75, 1922.0)	(80, 1894.0)	(85, 1982.0)	(90, 1977.0)	(95, 2036.0)	(100, 2040.0)	(105, 2005.0)	(110, 2005.0)	(115, 1922.0)	(120, 1950.0)	(125, 1889.0)	(130, 1890.0)	(135, 1902.0)	(140, 1744.0)	(145, 6089.0)	(150, 55547.0)																						
SRR5898924_1	(35, 508.0)	(40, 737.0)	(45, 900.0)	(50, 938.0)	(55, 1083.0)	(60, 1192.0)	(65, 1215.0)	(70, 1268.0)	(75, 1405.0)	(80, 1531.0)	(85, 1498.0)	(90, 1567.0)	(95, 1592.0)	(100, 1616.0)	(105, 1680.0)	(110, 1796.0)	(115, 1683.0)	(120, 1684.0)	(125, 1672.0)	(130, 1669.0)	(135, 1682.0)	(140, 1605.0)	(145, 6826.0)	(150, 62653.0)																						
SRR5898924_2	(35, 486.0)	(40, 718.0)	(45, 885.0)	(50, 931.0)	(55, 1069.0)	(60, 1175.0)	(65, 1193.0)	(70, 1245.0)	(75, 1390.0)	(80, 1497.0)	(85, 1457.0)	(90, 1536.0)	(95, 1581.0)	(100, 1574.0)	(105, 1631.0)	(110, 1750.0)	(115, 1633.0)	(120, 1630.0)	(125, 1609.0)	(130, 1581.0)	(135, 1644.0)	(140, 1529.0)	(145, 6606.0)	(150, 63650.0)																						
SRR5898925_1	(35, 319.0)	(40, 537.0)	(45, 716.0)	(50, 877.0)	(55, 959.0)	(60, 1073.0)	(65, 1176.0)	(70, 1446.0)	(75, 1451.0)	(80, 1608.0)	(85, 1573.0)	(90, 1610.0)	(95, 1595.0)	(100, 1784.0)	(105, 1746.0)	(110, 1785.0)	(115, 1792.0)	(120, 1870.0)	(125, 1858.0)	(130, 1831.0)	(135, 1896.0)	(140, 1688.0)	(145, 7039.0)	(150, 61771.0)																						
SRR5898925_2	(35, 301.0)	(40, 531.0)	(45, 719.0)	(50, 859.0)	(55, 943.0)	(60, 1067.0)	(65, 1141.0)	(70, 1432.0)	(75, 1452.0)	(80, 1577.0)	(85, 1540.0)	(90, 1595.0)	(95, 1550.0)	(100, 1761.0)	(105, 1707.0)	(110, 1755.0)	(115, 1731.0)	(120, 1810.0)	(125, 1796.0)	(130, 1756.0)	(135, 1853.0)	(140, 1637.0)	(145, 6810.0)	(150, 62677.0)																						
SRR5898926_1	(35, 396.0)	(40, 543.0)	(45, 676.0)	(50, 753.0)	(55, 893.0)	(60, 939.0)	(65, 962.0)	(70, 1059.0)	(75, 1144.0)	(80, 1205.0)	(85, 1205.0)	(90, 1295.0)	(95, 1281.0)	(100, 1407.0)	(105, 1373.0)	(110, 1387.0)	(115, 1423.0)	(120, 1418.0)	(125, 1504.0)	(130, 1540.0)	(135, 1474.0)	(140, 1462.0)	(145, 7167.0)	(150, 67494.0)																						
SRR5898926_2	(35, 396.0)	(40, 535.0)	(45, 674.0)	(50, 728.0)	(55, 901.0)	(60, 929.0)	(65, 955.0)	(70, 1060.0)	(75, 1133.0)	(80, 1198.0)	(85, 1185.0)	(90, 1283.0)	(95, 1274.0)	(100, 1377.0)	(105, 1345.0)	(110, 1368.0)	(115, 1404.0)	(120, 1384.0)	(125, 1437.0)	(130, 1487.0)	(135, 1445.0)	(140, 1402.0)	(145, 6914.0)	(150, 68186.0)																						
SRR5898948_1	(35, 102.0)	(40, 196.0)	(45, 266.0)	(50, 302.0)	(55, 384.0)	(60, 468.0)	(65, 579.0)	(70, 630.0)	(75, 823.0)	(80, 883.0)	(85, 981.0)	(90, 1166.0)	(95, 1221.0)	(100, 1293.0)	(105, 1285.0)	(110, 1510.0)	(115, 1629.0)	(120, 1662.0)	(125, 1712.0)	(130, 1657.0)	(135, 1773.0)	(140, 1753.0)	(145, 7078.0)	(150, 70647.0)																						
SRR5898948_2	(35, 102.0)	(40, 199.0)	(45, 269.0)	(50, 305.0)	(55, 383.0)	(60, 466.0)	(65, 582.0)	(70, 635.0)	(75, 829.0)	(80, 880.0)	(85, 983.0)	(90, 1171.0)	(95, 1222.0)	(100, 1304.0)	(105, 1308.0)	(110, 1523.0)	(115, 1622.0)	(120, 1666.0)	(125, 1717.0)	(130, 1645.0)	(135, 1764.0)	(140, 1667.0)	(145, 6636.0)	(150, 71122.0)																						
SRR5898950_1	(35, 131.0)	(40, 188.0)	(45, 232.0)	(50, 306.0)	(55, 387.0)	(60, 445.0)	(65, 508.0)	(70, 628.0)	(75, 676.0)	(80, 777.0)	(85, 834.0)	(90, 931.0)	(95, 1026.0)	(100, 1067.0)	(105, 1181.0)	(110, 1239.0)	(115, 1270.0)	(120, 1291.0)	(125, 1306.0)	(130, 1359.0)	(135, 1445.0)	(140, 1377.0)	(145, 7586.0)	(150, 73810.0)																						
SRR5898950_2	(35, 133.0)	(40, 189.0)	(45, 233.0)	(50, 304.0)	(55, 383.0)	(60, 449.0)	(65, 512.0)	(70, 634.0)	(75, 674.0)	(80, 782.0)	(85, 831.0)	(90, 932.0)	(95, 1015.0)	(100, 1066.0)	(105, 1179.0)	(110, 1233.0)	(115, 1289.0)	(120, 1292.0)	(125, 1287.0)	(130, 1369.0)	(135, 1441.0)	(140, 1359.0)	(145, 7249.0)	(150, 74165.0)																						
SRR5898954_1	(35, 119.0)	(40, 163.0)	(45, 245.0)	(50, 334.0)	(55, 375.0)	(60, 440.0)	(65, 458.0)	(70, 561.0)	(75, 719.0)	(80, 753.0)	(85, 874.0)	(90, 1020.0)	(95, 1073.0)	(100, 1118.0)	(105, 1309.0)	(110, 1350.0)	(115, 1343.0)	(120, 1525.0)	(125, 1475.0)	(130, 1451.0)	(135, 1513.0)	(140, 1441.0)	(145, 7587.0)	(150, 72754.0)																						
SRR5898954_2	(35, 124.0)	(40, 165.0)	(45, 246.0)	(50, 338.0)	(55, 377.0)	(60, 437.0)	(65, 462.0)	(70, 560.0)	(75, 721.0)	(80, 763.0)	(85, 879.0)	(90, 1029.0)	(95, 1069.0)	(100, 1120.0)	(105, 1314.0)	(110, 1379.0)	(115, 1334.0)	(120, 1521.0)	(125, 1457.0)	(130, 1428.0)	(135, 1509.0)	(140, 1402.0)	(145, 7398.0)	(150, 72968.0)																						
SRR5898966_1	(35, 182.0)	(40, 295.0)	(45, 410.0)	(50, 485.0)	(55, 546.0)	(60, 698.0)	(65, 733.0)	(70, 836.0)	(75, 937.0)	(80, 1096.0)	(85, 1195.0)	(90, 1311.0)	(95, 1381.0)	(100, 1445.0)	(105, 1584.0)	(110, 1648.0)	(115, 1591.0)	(120, 1765.0)	(125, 1697.0)	(130, 1713.0)	(135, 1903.0)	(140, 1705.0)	(145, 7399.0)	(150, 67445.0)																						
SRR5898966_2	(35, 184.0)	(40, 293.0)	(45, 409.0)	(50, 486.0)	(55, 547.0)	(60, 692.0)	(65, 729.0)	(70, 834.0)	(75, 944.0)	(80, 1102.0)	(85, 1194.0)	(90, 1299.0)	(95, 1385.0)	(100, 1454.0)	(105, 1602.0)	(110, 1649.0)	(115, 1580.0)	(120, 1769.0)	(125, 1678.0)	(130, 1694.0)	(135, 1887.0)	(140, 1673.0)	(145, 6989.0)	(150, 67927.0)																						
SRR5898978_1	(35, 293.0)	(40, 487.0)	(45, 645.0)	(50, 840.0)	(55, 1044.0)	(60, 1219.0)	(65, 1373.0)	(70, 1585.0)	(75, 1736.0)	(80, 1850.0)	(85, 1916.0)	(90, 2089.0)	(95, 2152.0)	(100, 2098.0)	(105, 2146.0)	(110, 2155.0)	(115, 2108.0)	(120, 2204.0)	(125, 2057.0)	(130, 2053.0)	(135, 2089.0)	(140, 2006.0)	(145, 6748.0)	(150, 57107.0)																						
SRR5898978_2	(35, 287.0)	(40, 479.0)	(45, 624.0)	(50, 832.0)	(55, 1034.0)	(60, 1197.0)	(65, 1357.0)	(70, 1564.0)	(75, 1723.0)	(80, 1818.0)	(85, 1908.0)	(90, 2053.0)	(95, 2107.0)	(100, 2064.0)	(105, 2120.0)	(110, 2110.0)	(115, 2078.0)	(120, 2156.0)	(125, 1982.0)	(130, 1996.0)	(135, 2056.0)	(140, 1946.0)	(145, 6566.0)	(150, 57943.0)																						
SRR5898979_1	(35, 235.0)	(40, 307.0)	(45, 376.0)	(50, 492.0)	(55, 529.0)	(60, 644.0)	(65, 713.0)	(70, 851.0)	(75, 965.0)	(80, 1058.0)	(85, 1143.0)	(90, 1258.0)	(95, 1314.0)	(100, 1459.0)	(105, 1510.0)	(110, 1695.0)	(115, 1691.0)	(120, 1750.0)	(125, 1701.0)	(130, 1748.0)	(135, 1794.0)	(140, 1777.0)	(145, 7594.0)	(150, 67396.0)																						
SRR5898979_2	(35, 237.0)	(40, 309.0)	(45, 377.0)	(50, 493.0)	(55, 524.0)	(60, 652.0)	(65, 723.0)	(70, 859.0)	(75, 963.0)	(80, 1061.0)	(85, 1136.0)	(90, 1255.0)	(95, 1314.0)	(100, 1466.0)	(105, 1518.0)	(110, 1703.0)	(115, 1708.0)	(120, 1762.0)	(125, 1692.0)	(130, 1753.0)	(135, 1814.0)	(140, 1728.0)	(145, 7328.0)	(150, 67625.0)																						
SRR5898980_1	(35, 119.0)	(40, 185.0)	(45, 236.0)	(50, 310.0)	(55, 390.0)	(60, 462.0)	(65, 541.0)	(70, 618.0)	(75, 734.0)	(80, 820.0)	(85, 908.0)	(90, 1026.0)	(95, 1182.0)	(100, 1282.0)	(105, 1285.0)	(110, 1396.0)	(115, 1500.0)	(120, 1540.0)	(125, 1526.0)	(130, 1541.0)	(135, 1663.0)	(140, 1599.0)	(145, 7268.0)	(150, 71869.0)																						
SRR5898980_2	(35, 113.0)	(40, 187.0)	(45, 237.0)	(50, 309.0)	(55, 393.0)	(60, 462.0)	(65, 542.0)	(70, 621.0)	(75, 730.0)	(80, 828.0)	(85, 917.0)	(90, 1017.0)	(95, 1189.0)	(100, 1293.0)	(105, 1272.0)	(110, 1421.0)	(115, 1500.0)	(120, 1567.0)	(125, 1531.0)	(130, 1531.0)	(135, 1666.0)	(140, 1565.0)	(145, 7049.0)	(150, 72060.0)																						
SRR5898981_1	(35, 129.0)	(40, 180.0)	(45, 242.0)	(50, 300.0)	(55, 364.0)	(60, 444.0)	(65, 572.0)	(70, 658.0)	(75, 811.0)	(80, 949.0)	(85, 1014.0)	(90, 1206.0)	(95, 1248.0)	(100, 1450.0)	(105, 1395.0)	(110, 1575.0)	(115, 1606.0)	(120, 1742.0)	(125, 1668.0)	(130, 1714.0)	(135, 1833.0)	(140, 1787.0)	(145, 7889.0)	(150, 69224.0)																						
SRR5898981_2	(35, 128.0)	(40, 174.0)	(45, 241.0)	(50, 298.0)	(55, 358.0)	(60, 438.0)	(65, 569.0)	(70, 646.0)	(75, 800.0)	(80, 943.0)	(85, 995.0)	(90, 1181.0)	(95, 1224.0)	(100, 1420.0)	(105, 1362.0)	(110, 1554.0)	(115, 1551.0)	(120, 1671.0)	(125, 1621.0)	(130, 1652.0)	(135, 1803.0)	(140, 1728.0)	(145, 7538.0)	(150, 70105.0)																						
SRR5898982_1	(35, 203.0)	(40, 326.0)	(45, 388.0)	(50, 477.0)	(55, 605.0)	(60, 689.0)	(65, 832.0)	(70, 924.0)	(75, 1091.0)	(80, 1179.0)	(85, 1295.0)	(90, 1372.0)	(95, 1475.0)	(100, 1619.0)	(105, 1574.0)	(110, 1687.0)	(115, 1694.0)	(120, 1702.0)	(125, 1826.0)	(130, 1753.0)	(135, 1844.0)	(140, 1671.0)	(145, 7498.0)	(150, 66276.0)																						
SRR5898982_2	(35, 201.0)	(40, 327.0)	(45, 384.0)	(50, 478.0)	(55, 595.0)	(60, 684.0)	(65, 825.0)	(70, 918.0)	(75, 1079.0)	(80, 1162.0)	(85, 1273.0)	(90, 1349.0)	(95, 1459.0)	(100, 1588.0)	(105, 1544.0)	(110, 1650.0)	(115, 1666.0)	(120, 1658.0)	(125, 1783.0)	(130, 1697.0)	(135, 1807.0)	(140, 1592.0)	(145, 6959.0)	(150, 67322.0)																						
SRR5898983_1	(35, 63.0)	(40, 113.0)	(45, 149.0)	(50, 228.0)	(55, 257.0)	(60, 334.0)	(65, 388.0)	(70, 436.0)	(75, 535.0)	(80, 595.0)	(85, 771.0)	(90, 815.0)	(95, 896.0)	(100, 1026.0)	(105, 1078.0)	(110, 1233.0)	(115, 1318.0)	(120, 1467.0)	(125, 1476.0)	(130, 1682.0)	(135, 1631.0)	(140, 1710.0)	(145, 7761.0)	(150, 74038.0)																						
SRR5898983_2	(35, 61.0)	(40, 112.0)	(45, 149.0)	(50, 219.0)	(55, 254.0)	(60, 330.0)	(65, 377.0)	(70, 428.0)	(75, 528.0)	(80, 586.0)	(85, 748.0)	(90, 801.0)	(95, 882.0)	(100, 1003.0)	(105, 1054.0)	(110, 1193.0)	(115, 1279.0)	(120, 1431.0)	(125, 1424.0)	(130, 1645.0)	(135, 1603.0)	(140, 1642.0)	(145, 7403.0)	(150, 74848.0)																						
SRR5898984_1	(35, 190.0)	(40, 291.0)	(45, 410.0)	(50, 485.0)	(55, 575.0)	(60, 677.0)	(65, 861.0)	(70, 935.0)	(75, 1009.0)	(80, 1223.0)	(85, 1290.0)	(90, 1469.0)	(95, 1482.0)	(100, 1684.0)	(105, 1725.0)	(110, 1736.0)	(115, 1875.0)	(120, 1861.0)	(125, 1883.0)	(130, 1788.0)	(135, 1835.0)	(140, 1835.0)	(145, 7537.0)	(150, 65344.0)																						
SRR5898984_2	(35, 193.0)	(40, 292.0)	(45, 412.0)	(50, 487.0)	(55, 577.0)	(60, 673.0)	(65, 859.0)	(70, 930.0)	(75, 1014.0)	(80, 1228.0)	(85, 1293.0)	(90, 1468.0)	(95, 1494.0)	(100, 1680.0)	(105, 1729.0)	(110, 1742.0)	(115, 1875.0)	(120, 1858.0)	(125, 1838.0)	(130, 1760.0)	(135, 1844.0)	(140, 1756.0)	(145, 6976.0)	(150, 66022.0)																						
SRR5898985_1	(35, 332.0)	(40, 503.0)	(45, 728.0)	(50, 917.0)	(55, 1042.0)	(60, 1234.0)	(65, 1462.0)	(70, 1605.0)	(75, 1808.0)	(80, 1863.0)	(85, 1946.0)	(90, 2154.0)	(95, 2224.0)	(100, 2285.0)	(105, 2307.0)	(110, 2329.0)	(115, 2376.0)	(120, 2391.0)	(125, 2315.0)	(130, 2265.0)	(135, 2143.0)	(140, 2018.0)	(145, 6429.0)	(150, 55324.0)																						
SRR5898985_2	(35, 327.0)	(40, 503.0)	(45, 719.0)	(50, 895.0)	(55, 1034.0)	(60, 1215.0)	(65, 1456.0)	(70, 1598.0)	(75, 1793.0)	(80, 1835.0)	(85, 1909.0)	(90, 2120.0)	(95, 2188.0)	(100, 2260.0)	(105, 2259.0)	(110, 2288.0)	(115, 2338.0)	(120, 2327.0)	(125, 2250.0)	(130, 2181.0)	(135, 2087.0)	(140, 1952.0)	(145, 6211.0)	(150, 56255.0)																						
SRR5898986_1	(35, 217.0)	(40, 380.0)	(45, 443.0)	(50, 553.0)	(55, 606.0)	(60, 792.0)	(65, 939.0)	(70, 1052.0)	(75, 1143.0)	(80, 1223.0)	(85, 1318.0)	(90, 1471.0)	(95, 1582.0)	(100, 1657.0)	(105, 1623.0)	(110, 1779.0)	(115, 1758.0)	(120, 1741.0)	(125, 1818.0)	(130, 1814.0)	(135, 1840.0)	(140, 1714.0)	(145, 7248.0)	(150, 65289.0)																						
SRR5898986_2	(35, 221.0)	(40, 381.0)	(45, 440.0)	(50, 560.0)	(55, 613.0)	(60, 804.0)	(65, 943.0)	(70, 1054.0)	(75, 1146.0)	(80, 1241.0)	(85, 1326.0)	(90, 1476.0)	(95, 1577.0)	(100, 1689.0)	(105, 1641.0)	(110, 1789.0)	(115, 1791.0)	(120, 1759.0)	(125, 1828.0)	(130, 1816.0)	(135, 1831.0)	(140, 1646.0)	(145, 6740.0)	(150, 65688.0)																						
SRR5898987_1	(35, 218.0)	(40, 303.0)	(45, 380.0)	(50, 500.0)	(55, 622.0)	(60, 676.0)	(65, 819.0)	(70, 897.0)	(75, 1034.0)	(80, 1125.0)	(85, 1265.0)	(90, 1296.0)	(95, 1377.0)	(100, 1480.0)	(105, 1535.0)	(110, 1635.0)	(115, 1681.0)	(120, 1614.0)	(125, 1693.0)	(130, 1629.0)	(135, 1772.0)	(140, 1663.0)	(145, 7205.0)	(150, 67581.0)																						
SRR5898987_2	(35, 215.0)	(40, 307.0)	(45, 378.0)	(50, 498.0)	(55, 614.0)	(60, 671.0)	(65, 800.0)	(70, 893.0)	(75, 1020.0)	(80, 1113.0)	(85, 1250.0)	(90, 1281.0)	(95, 1356.0)	(100, 1463.0)	(105, 1514.0)	(110, 1607.0)	(115, 1643.0)	(120, 1568.0)	(125, 1645.0)	(130, 1574.0)	(135, 1730.0)	(140, 1617.0)	(145, 6757.0)	(150, 68486.0)																						
SRR5899005_1	(30, 278.0)	(35, 1132.0)	(40, 1385.0)	(45, 1563.0)	(50, 1634.0)	(55, 1695.0)	(60, 1757.0)	(65, 1768.0)	(70, 1859.0)	(75, 1852.0)	(80, 1927.0)	(85, 1836.0)	(90, 1881.0)	(95, 1867.0)	(100, 1864.0)	(105, 1804.0)	(110, 1825.0)	(115, 1814.0)	(120, 1847.0)	(125, 1707.0)	(130, 1655.0)	(135, 1668.0)	(140, 1556.0)	(145, 6235.0)	(150, 55591.0)																					
SRR5899005_2	(30, 274.0)	(35, 1113.0)	(40, 1346.0)	(45, 1532.0)	(50, 1589.0)	(55, 1663.0)	(60, 1704.0)	(65, 1723.0)	(70, 1808.0)	(75, 1791.0)	(80, 1882.0)	(85, 1763.0)	(90, 1807.0)	(95, 1780.0)	(100, 1758.0)	(105, 1710.0)	(110, 1705.0)	(115, 1675.0)	(120, 1666.0)	(125, 1564.0)	(130, 1455.0)	(135, 1520.0)	(140, 1309.0)	(145, 5298.0)	(150, 58565.0)																					
SRR5899006_1	(30, 185.0)	(35, 767.0)	(40, 1049.0)	(45, 1209.0)	(50, 1333.0)	(55, 1494.0)	(60, 1563.0)	(65, 1617.0)	(70, 1805.0)	(75, 1750.0)	(80, 1775.0)	(85, 1865.0)	(90, 1872.0)	(95, 1915.0)	(100, 1909.0)	(105, 1984.0)	(110, 1904.0)	(115, 1904.0)	(120, 1887.0)	(125, 1915.0)	(130, 1762.0)	(135, 1877.0)	(140, 1732.0)	(145, 6397.0)	(150, 56530.0)																					
SRR5899006_2	(30, 174.0)	(35, 747.0)	(40, 1013.0)	(45, 1167.0)	(50, 1284.0)	(55, 1441.0)	(60, 1513.0)	(65, 1577.0)	(70, 1731.0)	(75, 1654.0)	(80, 1682.0)	(85, 1780.0)	(90, 1768.0)	(95, 1810.0)	(100, 1782.0)	(105, 1844.0)	(110, 1772.0)	(115, 1741.0)	(120, 1680.0)	(125, 1683.0)	(130, 1505.0)	(135, 1685.0)	(140, 1434.0)	(145, 5434.0)	(150, 60099.0)																					
SRR5899007_1	(30, 200.0)	(35, 810.0)	(40, 1060.0)	(45, 1187.0)	(50, 1237.0)	(55, 1335.0)	(60, 1404.0)	(65, 1455.0)	(70, 1458.0)	(75, 1455.0)	(80, 1638.0)	(85, 1530.0)	(90, 1606.0)	(95, 1523.0)	(100, 1668.0)	(105, 1554.0)	(110, 1640.0)	(115, 1567.0)	(120, 1609.0)	(125, 1560.0)	(130, 1548.0)	(135, 1642.0)	(140, 1505.0)	(145, 6636.0)	(150, 61173.0)																					
SRR5899007_2	(30, 195.0)	(35, 790.0)	(40, 1029.0)	(45, 1158.0)	(50, 1219.0)	(55, 1288.0)	(60, 1359.0)	(65, 1422.0)	(70, 1410.0)	(75, 1401.0)	(80, 1582.0)	(85, 1478.0)	(90, 1550.0)	(95, 1453.0)	(100, 1592.0)	(105, 1459.0)	(110, 1521.0)	(115, 1433.0)	(120, 1459.0)	(125, 1394.0)	(130, 1348.0)	(135, 1487.0)	(140, 1246.0)	(145, 5597.0)	(150, 64130.0)																					
SRR5899017_1	(35, 90.0)	(40, 89.0)	(45, 177.0)	(50, 174.0)	(55, 220.0)	(60, 231.0)	(65, 295.0)	(70, 327.0)	(75, 373.0)	(80, 458.0)	(85, 518.0)	(90, 521.0)	(95, 620.0)	(100, 695.0)	(105, 812.0)	(110, 809.0)	(115, 886.0)	(120, 1015.0)	(125, 1129.0)	(130, 1131.0)	(135, 1250.0)	(140, 1268.0)	(145, 8073.0)	(150, 78839.0)																						
SRR5899017_2	(35, 91.0)	(40, 88.0)	(45, 180.0)	(50, 176.0)	(55, 220.0)	(60, 236.0)	(65, 292.0)	(70, 329.0)	(75, 371.0)	(80, 460.0)	(85, 527.0)	(90, 533.0)	(95, 626.0)	(100, 707.0)	(105, 818.0)	(110, 838.0)	(115, 880.0)	(120, 1030.0)	(125, 1116.0)	(130, 1138.0)	(135, 1243.0)	(140, 1235.0)	(145, 7772.0)	(150, 79094.0)																						
SRR8865572_1	(60, 163.0)	(62, 142.0)	(64, 137.0)	(66, 166.0)	(68, 181.0)	(70, 215.0)	(72, 209.0)	(74, 218.0)	(76, 201.0)	(78, 259.0)	(80, 292.0)	(82, 297.0)	(84, 296.0)	(86, 297.0)	(88, 358.0)	(90, 342.0)	(92, 338.0)	(94, 371.0)	(96, 371.0)	(98, 398.0)	(100, 432.0)	(102, 465.0)	(104, 465.0)	(106, 433.0)	(108, 449.0)	(110, 486.0)	(112, 530.0)	(114, 485.0)	(116, 531.0)	(118, 579.0)	(120, 541.0)	(122, 602.0)	(124, 571.0)	(126, 554.0)	(128, 595.0)	(130, 638.0)	(132, 664.0)	(134, 640.0)	(136, 630.0)	(138, 679.0)	(140, 623.0)	(142, 633.0)	(144, 658.0)	(146, 1027.0)	(148, 6555.0)	(150, 74284.0)
SRR8865572_2	(60, 163.0)	(62, 142.0)	(64, 137.0)	(66, 166.0)	(68, 181.0)	(70, 215.0)	(72, 210.0)	(74, 216.0)	(76, 201.0)	(78, 259.0)	(80, 293.0)	(82, 297.0)	(84, 295.0)	(86, 298.0)	(88, 357.0)	(90, 342.0)	(92, 338.0)	(94, 373.0)	(96, 370.0)	(98, 400.0)	(100, 432.0)	(102, 465.0)	(104, 462.0)	(106, 433.0)	(108, 448.0)	(110, 485.0)	(112, 529.0)	(114, 485.0)	(116, 532.0)	(118, 580.0)	(120, 541.0)	(122, 601.0)	(124, 570.0)	(126, 552.0)	(128, 595.0)	(130, 634.0)	(132, 664.0)	(134, 638.0)	(136, 632.0)	(138, 678.0)	(140, 624.0)	(142, 633.0)	(144, 655.0)	(146, 1016.0)	(148, 6250.0)	(150, 74613.0)
SRR8865573_1	(60, 165.0)	(62, 180.0)	(64, 175.0)	(66, 238.0)	(68, 255.0)	(70, 259.0)	(72, 285.0)	(74, 268.0)	(76, 294.0)	(78, 313.0)	(80, 322.0)	(82, 342.0)	(84, 338.0)	(86, 384.0)	(88, 401.0)	(90, 402.0)	(92, 416.0)	(94, 445.0)	(96, 481.0)	(98, 484.0)	(100, 519.0)	(102, 502.0)	(104, 488.0)	(106, 539.0)	(108, 531.0)	(110, 628.0)	(112, 567.0)	(114, 569.0)	(116, 582.0)	(118, 640.0)	(120, 662.0)	(122, 629.0)	(124, 632.0)	(126, 663.0)	(128, 648.0)	(130, 656.0)	(132, 651.0)	(134, 677.0)	(136, 656.0)	(138, 744.0)	(140, 613.0)	(142, 663.0)	(144, 666.0)	(146, 1052.0)	(148, 6080.0)	(150, 72296.0)
SRR8865573_2	(60, 165.0)	(62, 180.0)	(64, 175.0)	(66, 238.0)	(68, 253.0)	(70, 260.0)	(72, 285.0)	(74, 268.0)	(76, 295.0)	(78, 312.0)	(80, 322.0)	(82, 342.0)	(84, 337.0)	(86, 384.0)	(88, 401.0)	(90, 403.0)	(92, 416.0)	(94, 446.0)	(96, 482.0)	(98, 483.0)	(100, 518.0)	(102, 502.0)	(104, 485.0)	(106, 540.0)	(108, 530.0)	(110, 627.0)	(112, 566.0)	(114, 569.0)	(116, 579.0)	(118, 640.0)	(120, 661.0)	(122, 628.0)	(124, 635.0)	(126, 659.0)	(128, 649.0)	(130, 654.0)	(132, 655.0)	(134, 676.0)	(136, 657.0)	(138, 742.0)	(140, 615.0)	(142, 658.0)	(144, 662.0)	(146, 1010.0)	(148, 5904.0)	(150, 72532.0)
SRR8865574_1	(60, 229.0)	(62, 214.0)	(64, 237.0)	(66, 271.0)	(68, 274.0)	(70, 269.0)	(72, 337.0)	(74, 360.0)	(76, 373.0)	(78, 354.0)	(80, 371.0)	(82, 427.0)	(84, 419.0)	(86, 491.0)	(88, 472.0)	(90, 518.0)	(92, 532.0)	(94, 533.0)	(96, 533.0)	(98, 602.0)	(100, 655.0)	(102, 598.0)	(104, 648.0)	(106, 679.0)	(108, 700.0)	(110, 746.0)	(112, 744.0)	(114, 712.0)	(116, 777.0)	(118, 723.0)	(120, 788.0)	(122, 743.0)	(124, 810.0)	(126, 829.0)	(128, 800.0)	(130, 885.0)	(132, 857.0)	(134, 868.0)	(136, 865.0)	(138, 910.0)	(140, 913.0)	(142, 850.0)	(144, 829.0)	(146, 1157.0)	(148, 5773.0)	(150, 67325.0)
SRR8865574_2	(60, 228.0)	(62, 214.0)	(64, 236.0)	(66, 272.0)	(68, 273.0)	(70, 268.0)	(72, 337.0)	(74, 361.0)	(76, 373.0)	(78, 354.0)	(80, 370.0)	(82, 428.0)	(84, 417.0)	(86, 492.0)	(88, 471.0)	(90, 518.0)	(92, 529.0)	(94, 535.0)	(96, 531.0)	(98, 600.0)	(100, 656.0)	(102, 600.0)	(104, 651.0)	(106, 680.0)	(108, 703.0)	(110, 743.0)	(112, 744.0)	(114, 715.0)	(116, 782.0)	(118, 725.0)	(120, 790.0)	(122, 750.0)	(124, 808.0)	(126, 833.0)	(128, 805.0)	(130, 894.0)	(132, 857.0)	(134, 868.0)	(136, 868.0)	(138, 911.0)	(140, 913.0)	(142, 853.0)	(144, 832.0)	(146, 1189.0)	(148, 5673.0)	(150, 67350.0)
SRR8865575_1	(60, 142.0)	(62, 159.0)	(64, 164.0)	(66, 177.0)	(68, 195.0)	(70, 211.0)	(72, 216.0)	(74, 226.0)	(76, 248.0)	(78, 276.0)	(80, 312.0)	(82, 297.0)	(84, 315.0)	(86, 299.0)	(88, 316.0)	(90, 348.0)	(92, 376.0)	(94, 360.0)	(96, 369.0)	(98, 451.0)	(100, 485.0)	(102, 444.0)	(104, 478.0)	(106, 446.0)	(108, 495.0)	(110, 519.0)	(112, 543.0)	(114, 535.0)	(116, 523.0)	(118, 555.0)	(120, 596.0)	(122, 580.0)	(124, 575.0)	(126, 622.0)	(128, 610.0)	(130, 638.0)	(132, 650.0)	(134, 640.0)	(136, 643.0)	(138, 635.0)	(140, 635.0)	(142, 692.0)	(144, 723.0)	(146, 1064.0)	(148, 6287.0)	(150, 73930.0)
SRR8865575_2	(60, 142.0)	(62, 159.0)	(64, 164.0)	(66, 177.0)	(68, 196.0)	(70, 210.0)	(72, 216.0)	(74, 226.0)	(76, 248.0)	(78, 276.0)	(80, 312.0)	(82, 297.0)	(84, 315.0)	(86, 298.0)	(88, 316.0)	(90, 347.0)	(92, 376.0)	(94, 360.0)	(96, 369.0)	(98, 449.0)	(100, 484.0)	(102, 444.0)	(104, 478.0)	(106, 447.0)	(108, 493.0)	(110, 516.0)	(112, 542.0)	(114, 534.0)	(116, 522.0)	(118, 555.0)	(120, 595.0)	(122, 580.0)	(124, 577.0)	(126, 619.0)	(128, 611.0)	(130, 637.0)	(132, 651.0)	(134, 638.0)	(136, 645.0)	(138, 632.0)	(140, 635.0)	(142, 690.0)	(144, 709.0)	(146, 1070.0)	(148, 6195.0)	(150, 74048.0)
SRR8865576_1	(60, 196.0)	(62, 233.0)	(64, 209.0)	(66, 244.0)	(68, 269.0)	(70, 270.0)	(72, 273.0)	(74, 312.0)	(76, 313.0)	(78, 365.0)	(80, 374.0)	(82, 384.0)	(84, 409.0)	(86, 429.0)	(88, 448.0)	(90, 496.0)	(92, 488.0)	(94, 464.0)	(96, 535.0)	(98, 530.0)	(100, 563.0)	(102, 550.0)	(104, 540.0)	(106, 575.0)	(108, 603.0)	(110, 651.0)	(112, 628.0)	(114, 642.0)	(116, 675.0)	(118, 652.0)	(120, 734.0)	(122, 719.0)	(124, 728.0)	(126, 712.0)	(128, 698.0)	(130, 725.0)	(132, 717.0)	(134, 776.0)	(136, 701.0)	(138, 753.0)	(140, 749.0)	(142, 772.0)	(144, 744.0)	(146, 1053.0)	(148, 5959.0)	(150, 70140.0)
SRR8865576_2	(60, 195.0)	(62, 235.0)	(64, 209.0)	(66, 243.0)	(68, 269.0)	(70, 270.0)	(72, 273.0)	(74, 312.0)	(76, 313.0)	(78, 365.0)	(80, 374.0)	(82, 384.0)	(84, 409.0)	(86, 428.0)	(88, 448.0)	(90, 496.0)	(92, 491.0)	(94, 463.0)	(96, 534.0)	(98, 530.0)	(100, 563.0)	(102, 547.0)	(104, 540.0)	(106, 574.0)	(108, 604.0)	(110, 651.0)	(112, 626.0)	(114, 639.0)	(116, 676.0)	(118, 650.0)	(120, 734.0)	(122, 720.0)	(124, 724.0)	(126, 715.0)	(128, 696.0)	(130, 722.0)	(132, 718.0)	(134, 776.0)	(136, 698.0)	(138, 752.0)	(140, 744.0)	(142, 763.0)	(144, 726.0)	(146, 1086.0)	(148, 5843.0)	(150, 70272.0)
SRR8865577_1	(60, 552.0)	(62, 590.0)	(64, 574.0)	(66, 627.0)	(68, 635.0)	(70, 725.0)	(72, 702.0)	(74, 684.0)	(76, 724.0)	(78, 791.0)	(80, 787.0)	(82, 787.0)	(84, 768.0)	(86, 789.0)	(88, 794.0)	(90, 887.0)	(92, 859.0)	(94, 812.0)	(96, 827.0)	(98, 844.0)	(100, 921.0)	(102, 910.0)	(104, 845.0)	(106, 877.0)	(108, 862.0)	(110, 874.0)	(112, 818.0)	(114, 835.0)	(116, 842.0)	(118, 808.0)	(120, 819.0)	(122, 857.0)	(124, 800.0)	(126, 778.0)	(128, 814.0)	(130, 831.0)	(132, 730.0)	(134, 778.0)	(136, 746.0)	(138, 806.0)	(140, 780.0)	(142, 711.0)	(144, 632.0)	(146, 934.0)	(148, 5251.0)	(150, 60383.0)
SRR8865577_2	(60, 553.0)	(62, 587.0)	(64, 570.0)	(66, 625.0)	(68, 637.0)	(70, 720.0)	(72, 693.0)	(74, 681.0)	(76, 717.0)	(78, 791.0)	(80, 780.0)	(82, 785.0)	(84, 756.0)	(86, 784.0)	(88, 792.0)	(90, 869.0)	(92, 838.0)	(94, 801.0)	(96, 811.0)	(98, 827.0)	(100, 897.0)	(102, 895.0)	(104, 815.0)	(106, 843.0)	(108, 822.0)	(110, 843.0)	(112, 795.0)	(114, 783.0)	(116, 786.0)	(118, 736.0)	(120, 746.0)	(122, 776.0)	(124, 704.0)	(126, 687.0)	(128, 708.0)	(130, 715.0)	(132, 616.0)	(134, 649.0)	(136, 630.0)	(138, 721.0)	(140, 695.0)	(142, 542.0)	(144, 468.0)	(146, 757.0)	(148, 4860.0)	(150, 62894.0)
SRR8865578_1	(60, 204.0)	(62, 216.0)	(64, 230.0)	(66, 236.0)	(68, 286.0)	(70, 274.0)	(72, 311.0)	(74, 287.0)	(76, 320.0)	(78, 364.0)	(80, 357.0)	(82, 405.0)	(84, 414.0)	(86, 395.0)	(88, 426.0)	(90, 424.0)	(92, 466.0)	(94, 482.0)	(96, 484.0)	(98, 529.0)	(100, 531.0)	(102, 569.0)	(104, 568.0)	(106, 557.0)	(108, 587.0)	(110, 657.0)	(112, 656.0)	(114, 689.0)	(116, 642.0)	(118, 732.0)	(120, 660.0)	(122, 721.0)	(124, 677.0)	(126, 693.0)	(128, 716.0)	(130, 745.0)	(132, 709.0)	(134, 723.0)	(136, 752.0)	(138, 787.0)	(140, 731.0)	(142, 745.0)	(144, 801.0)	(146, 1043.0)	(148, 6214.0)	(150, 69985.0)
SRR8865578_2	(60, 204.0)	(62, 216.0)	(64, 230.0)	(66, 236.0)	(68, 286.0)	(70, 274.0)	(72, 311.0)	(74, 288.0)	(76, 321.0)	(78, 364.0)	(80, 356.0)	(82, 404.0)	(84, 415.0)	(86, 395.0)	(88, 425.0)	(90, 421.0)	(92, 467.0)	(94, 482.0)	(96, 484.0)	(98, 529.0)	(100, 532.0)	(102, 567.0)	(104, 569.0)	(106, 557.0)	(108, 587.0)	(110, 655.0)	(112, 655.0)	(114, 689.0)	(116, 641.0)	(118, 732.0)	(120, 658.0)	(122, 716.0)	(124, 674.0)	(126, 693.0)	(128, 713.0)	(130, 742.0)	(132, 710.0)	(134, 720.0)	(136, 753.0)	(138, 790.0)	(140, 732.0)	(142, 744.0)	(144, 794.0)	(146, 1053.0)	(148, 6000.0)	(150, 70216.0)
SRR8865579_1	(60, 146.0)	(62, 133.0)	(64, 177.0)	(66, 184.0)	(68, 208.0)	(70, 207.0)	(72, 216.0)	(74, 260.0)	(76, 257.0)	(78, 302.0)	(80, 308.0)	(82, 309.0)	(84, 336.0)	(86, 354.0)	(88, 355.0)	(90, 376.0)	(92, 391.0)	(94, 405.0)	(96, 400.0)	(98, 437.0)	(100, 443.0)	(102, 501.0)	(104, 466.0)	(106, 442.0)	(108, 450.0)	(110, 502.0)	(112, 552.0)	(114, 556.0)	(116, 517.0)	(118, 590.0)	(120, 614.0)	(122, 590.0)	(124, 580.0)	(126, 612.0)	(128, 561.0)	(130, 667.0)	(132, 641.0)	(134, 630.0)	(136, 632.0)	(138, 628.0)	(140, 636.0)	(142, 672.0)	(144, 670.0)	(146, 1001.0)	(148, 6463.0)	(150, 73623.0)
SRR8865579_2	(60, 146.0)	(62, 133.0)	(64, 176.0)	(66, 184.0)	(68, 208.0)	(70, 206.0)	(72, 216.0)	(74, 260.0)	(76, 257.0)	(78, 301.0)	(80, 308.0)	(82, 309.0)	(84, 336.0)	(86, 353.0)	(88, 355.0)	(90, 376.0)	(92, 391.0)	(94, 404.0)	(96, 400.0)	(98, 436.0)	(100, 443.0)	(102, 501.0)	(104, 466.0)	(106, 442.0)	(108, 450.0)	(110, 503.0)	(112, 550.0)	(114, 557.0)	(116, 517.0)	(118, 587.0)	(120, 612.0)	(122, 588.0)	(124, 577.0)	(126, 609.0)	(128, 562.0)	(130, 671.0)	(132, 643.0)	(134, 626.0)	(136, 629.0)	(138, 628.0)	(140, 638.0)	(142, 677.0)	(144, 669.0)	(146, 981.0)	(148, 6048.0)	(150, 74071.0)
SRR8865580_1	(60, 162.0)	(62, 160.0)	(64, 178.0)	(66, 198.0)	(68, 210.0)	(70, 268.0)	(72, 238.0)	(74, 242.0)	(76, 277.0)	(78, 317.0)	(80, 302.0)	(82, 333.0)	(84, 333.0)	(86, 367.0)	(88, 347.0)	(90, 389.0)	(92, 361.0)	(94, 409.0)	(96, 430.0)	(98, 446.0)	(100, 474.0)	(102, 508.0)	(104, 509.0)	(106, 517.0)	(108, 538.0)	(110, 551.0)	(112, 533.0)	(114, 576.0)	(116, 595.0)	(118, 618.0)	(120, 629.0)	(122, 625.0)	(124, 693.0)	(126, 611.0)	(128, 650.0)	(130, 689.0)	(132, 751.0)	(134, 672.0)	(136, 708.0)	(138, 737.0)	(140, 742.0)	(142, 729.0)	(144, 711.0)	(146, 1149.0)	(148, 6333.0)	(150, 72185.0)
SRR8865580_2	(60, 162.0)	(62, 160.0)	(64, 178.0)	(66, 198.0)	(68, 209.0)	(70, 267.0)	(72, 237.0)	(74, 242.0)	(76, 277.0)	(78, 317.0)	(80, 302.0)	(82, 333.0)	(84, 333.0)	(86, 367.0)	(88, 348.0)	(90, 389.0)	(92, 362.0)	(94, 408.0)	(96, 431.0)	(98, 444.0)	(100, 476.0)	(102, 507.0)	(104, 510.0)	(106, 517.0)	(108, 538.0)	(110, 552.0)	(112, 533.0)	(114, 576.0)	(116, 589.0)	(118, 616.0)	(120, 629.0)	(122, 624.0)	(124, 696.0)	(126, 608.0)	(128, 652.0)	(130, 690.0)	(132, 756.0)	(134, 670.0)	(136, 710.0)	(138, 733.0)	(140, 741.0)	(142, 729.0)	(144, 697.0)	(146, 1111.0)	(148, 6158.0)	(150, 72418.0)
SRR8865581_1	(60, 155.0)	(62, 130.0)	(64, 163.0)	(66, 165.0)	(68, 181.0)	(70, 212.0)	(72, 237.0)	(74, 232.0)	(76, 246.0)	(78, 278.0)	(80, 291.0)	(82, 297.0)	(84, 337.0)	(86, 297.0)	(88, 357.0)	(90, 378.0)	(92, 373.0)	(94, 381.0)	(96, 414.0)	(98, 450.0)	(100, 435.0)	(102, 479.0)	(104, 441.0)	(106, 504.0)	(108, 502.0)	(110, 502.0)	(112, 498.0)	(114, 581.0)	(116, 564.0)	(118, 537.0)	(120, 565.0)	(122, 621.0)	(124, 626.0)	(126, 634.0)	(128, 583.0)	(130, 619.0)	(132, 659.0)	(134, 637.0)	(136, 641.0)	(138, 696.0)	(140, 653.0)	(142, 683.0)	(144, 689.0)	(146, 1043.0)	(148, 6290.0)	(150, 73744.0)
SRR8865581_2	(60, 155.0)	(62, 130.0)	(64, 163.0)	(66, 165.0)	(68, 181.0)	(70, 212.0)	(72, 237.0)	(74, 232.0)	(76, 246.0)	(78, 277.0)	(80, 291.0)	(82, 297.0)	(84, 337.0)	(86, 297.0)	(88, 357.0)	(90, 377.0)	(92, 373.0)	(94, 379.0)	(96, 416.0)	(98, 451.0)	(100, 433.0)	(102, 477.0)	(104, 442.0)	(106, 504.0)	(108, 503.0)	(110, 500.0)	(112, 498.0)	(114, 583.0)	(116, 563.0)	(118, 538.0)	(120, 563.0)	(122, 622.0)	(124, 623.0)	(126, 632.0)	(128, 584.0)	(130, 617.0)	(132, 652.0)	(134, 636.0)	(136, 642.0)	(138, 696.0)	(140, 652.0)	(142, 678.0)	(144, 683.0)	(146, 1014.0)	(148, 6020.0)	(150, 74072.0)
SRR8865582_1	(60, 601.0)	(62, 630.0)	(64, 648.0)	(66, 690.0)	(68, 714.0)	(70, 811.0)	(72, 784.0)	(74, 847.0)	(76, 874.0)	(78, 877.0)	(80, 951.0)	(82, 966.0)	(84, 962.0)	(86, 1005.0)	(88, 1000.0)	(90, 977.0)	(92, 1018.0)	(94, 1009.0)	(96, 1024.0)	(98, 1089.0)	(100, 1077.0)	(102, 1057.0)	(104, 1057.0)	(106, 1034.0)	(108, 1087.0)	(110, 1051.0)	(112, 1023.0)	(114, 1037.0)	(116, 1040.0)	(118, 992.0)	(120, 1006.0)	(122, 953.0)	(124, 971.0)	(126, 966.0)	(128, 953.0)	(130, 934.0)	(132, 907.0)	(134, 902.0)	(136, 947.0)	(138, 895.0)	(140, 918.0)	(142, 787.0)	(144, 687.0)	(146, 956.0)	(148, 4660.0)	(150, 54626.0)
SRR8865582_2	(60, 601.0)	(62, 628.0)	(64, 647.0)	(66, 687.0)	(68, 714.0)	(70, 809.0)	(72, 778.0)	(74, 841.0)	(76, 863.0)	(78, 865.0)	(80, 941.0)	(82, 955.0)	(84, 951.0)	(86, 991.0)	(88, 979.0)	(90, 960.0)	(92, 1006.0)	(94, 984.0)	(96, 994.0)	(98, 1077.0)	(100, 1053.0)	(102, 1031.0)	(104, 1014.0)	(106, 980.0)	(108, 1042.0)	(110, 988.0)	(112, 976.0)	(114, 954.0)	(116, 953.0)	(118, 898.0)	(120, 853.0)	(122, 850.0)	(124, 828.0)	(126, 786.0)	(128, 780.0)	(130, 781.0)	(132, 744.0)	(134, 729.0)	(136, 754.0)	(138, 759.0)	(140, 790.0)	(142, 589.0)	(144, 499.0)	(146, 830.0)	(148, 4501.0)	(150, 57767.0)
SRR8865583_1	(60, 587.0)	(62, 628.0)	(64, 655.0)	(66, 665.0)	(68, 726.0)	(70, 723.0)	(72, 751.0)	(74, 785.0)	(76, 773.0)	(78, 852.0)	(80, 865.0)	(82, 810.0)	(84, 841.0)	(86, 918.0)	(88, 904.0)	(90, 922.0)	(92, 907.0)	(94, 937.0)	(96, 953.0)	(98, 954.0)	(100, 940.0)	(102, 950.0)	(104, 921.0)	(106, 901.0)	(108, 867.0)	(110, 888.0)	(112, 959.0)	(114, 867.0)	(116, 946.0)	(118, 897.0)	(120, 925.0)	(122, 889.0)	(124, 871.0)	(126, 856.0)	(128, 859.0)	(130, 803.0)	(132, 806.0)	(134, 829.0)	(136, 733.0)	(138, 831.0)	(140, 850.0)	(142, 820.0)	(144, 654.0)	(146, 926.0)	(148, 4969.0)	(150, 58087.0)
SRR8865583_2	(60, 587.0)	(62, 627.0)	(64, 653.0)	(66, 662.0)	(68, 723.0)	(70, 722.0)	(72, 746.0)	(74, 775.0)	(76, 773.0)	(78, 848.0)	(80, 855.0)	(82, 802.0)	(84, 833.0)	(86, 912.0)	(88, 894.0)	(90, 909.0)	(92, 904.0)	(94, 916.0)	(96, 929.0)	(98, 937.0)	(100, 906.0)	(102, 902.0)	(104, 892.0)	(106, 878.0)	(108, 837.0)	(110, 843.0)	(112, 913.0)	(114, 836.0)	(116, 883.0)	(118, 809.0)	(120, 808.0)	(122, 804.0)	(124, 765.0)	(126, 765.0)	(128, 747.0)	(130, 684.0)	(132, 664.0)	(134, 691.0)	(136, 627.0)	(138, 719.0)	(140, 756.0)	(142, 597.0)	(144, 485.0)	(146, 803.0)	(148, 4654.0)	(150, 60725.0)
SRR8865584_1	(60, 275.0)	(62, 314.0)	(64, 325.0)	(66, 363.0)	(68, 401.0)	(70, 423.0)	(72, 409.0)	(74, 431.0)	(76, 448.0)	(78, 443.0)	(80, 548.0)	(82, 495.0)	(84, 531.0)	(86, 521.0)	(88, 545.0)	(90, 651.0)	(92, 637.0)	(94, 659.0)	(96, 624.0)	(98, 686.0)	(100, 724.0)	(102, 769.0)	(104, 751.0)	(106, 664.0)	(108, 764.0)	(110, 742.0)	(112, 769.0)	(114, 814.0)	(116, 810.0)	(118, 841.0)	(120, 846.0)	(122, 796.0)	(124, 832.0)	(126, 770.0)	(128, 810.0)	(130, 790.0)	(132, 766.0)	(134, 865.0)	(136, 773.0)	(138, 829.0)	(140, 875.0)	(142, 811.0)	(144, 714.0)	(146, 1031.0)	(148, 5554.0)	(150, 65561.0)
SRR8865584_2	(60, 275.0)	(62, 313.0)	(64, 324.0)	(66, 362.0)	(68, 398.0)	(70, 418.0)	(72, 406.0)	(74, 429.0)	(76, 441.0)	(78, 439.0)	(80, 550.0)	(82, 485.0)	(84, 527.0)	(86, 515.0)	(88, 540.0)	(90, 640.0)	(92, 624.0)	(94, 642.0)	(96, 620.0)	(98, 670.0)	(100, 695.0)	(102, 742.0)	(104, 735.0)	(106, 651.0)	(108, 730.0)	(110, 709.0)	(112, 738.0)	(114, 750.0)	(116, 735.0)	(118, 764.0)	(120, 754.0)	(122, 709.0)	(124, 741.0)	(126, 678.0)	(128, 686.0)	(130, 657.0)	(132, 630.0)	(134, 696.0)	(136, 638.0)	(138, 738.0)	(140, 764.0)	(142, 599.0)	(144, 487.0)	(146, 848.0)	(148, 5159.0)	(150, 68349.0)
SRR8865585_1	(60, 368.0)	(62, 485.0)	(64, 623.0)	(66, 585.0)	(68, 513.0)	(70, 438.0)	(72, 589.0)	(74, 736.0)	(76, 711.0)	(78, 663.0)	(80, 564.0)	(82, 720.0)	(84, 884.0)	(86, 903.0)	(88, 836.0)	(90, 689.0)	(92, 774.0)	(94, 945.0)	(96, 1088.0)	(98, 919.0)	(100, 776.0)	(102, 805.0)	(104, 927.0)	(106, 1076.0)	(108, 1075.0)	(110, 878.0)	(112, 848.0)	(114, 990.0)	(116, 1085.0)	(118, 1007.0)	(120, 927.0)	(122, 815.0)	(124, 913.0)	(126, 1019.0)	(128, 988.0)	(130, 928.0)	(132, 754.0)	(134, 870.0)	(136, 1027.0)	(138, 977.0)	(140, 991.0)	(142, 789.0)	(144, 651.0)	(146, 1019.0)	(148, 5071.0)	(150, 58761.0)
SRR8865585_2	(60, 366.0)	(62, 485.0)	(64, 623.0)	(66, 583.0)	(68, 512.0)	(70, 438.0)	(72, 587.0)	(74, 737.0)	(76, 703.0)	(78, 661.0)	(80, 562.0)	(82, 715.0)	(84, 876.0)	(86, 899.0)	(88, 823.0)	(90, 681.0)	(92, 773.0)	(94, 926.0)	(96, 1074.0)	(98, 905.0)	(100, 760.0)	(102, 796.0)	(104, 897.0)	(106, 1039.0)	(108, 1037.0)	(110, 838.0)	(112, 801.0)	(114, 948.0)	(116, 1014.0)	(118, 926.0)	(120, 850.0)	(122, 739.0)	(124, 799.0)	(126, 896.0)	(128, 888.0)	(130, 799.0)	(132, 636.0)	(134, 738.0)	(136, 890.0)	(138, 867.0)	(140, 920.0)	(142, 629.0)	(144, 486.0)	(146, 876.0)	(148, 4779.0)	(150, 61223.0)
SRR8865586_1	(60, 690.0)	(62, 756.0)	(64, 643.0)	(66, 770.0)	(68, 827.0)	(70, 801.0)	(72, 829.0)	(74, 837.0)	(76, 863.0)	(78, 933.0)	(80, 978.0)	(82, 972.0)	(84, 931.0)	(86, 940.0)	(88, 1011.0)	(90, 968.0)	(92, 963.0)	(94, 1047.0)	(96, 971.0)	(98, 994.0)	(100, 996.0)	(102, 1011.0)	(104, 1015.0)	(106, 998.0)	(108, 996.0)	(110, 1050.0)	(112, 1043.0)	(114, 1007.0)	(116, 960.0)	(118, 995.0)	(120, 979.0)	(122, 917.0)	(124, 950.0)	(126, 978.0)	(128, 908.0)	(130, 920.0)	(132, 909.0)	(134, 917.0)	(136, 938.0)	(138, 889.0)	(140, 843.0)	(142, 830.0)	(144, 844.0)	(146, 1019.0)	(148, 5285.0)	(150, 54079.0)
SRR8865586_2	(60, 691.0)	(62, 755.0)	(64, 642.0)	(66, 770.0)	(68, 826.0)	(70, 801.0)	(72, 825.0)	(74, 839.0)	(76, 861.0)	(78, 930.0)	(80, 979.0)	(82, 969.0)	(84, 933.0)	(86, 938.0)	(88, 1010.0)	(90, 967.0)	(92, 963.0)	(94, 1047.0)	(96, 971.0)	(98, 993.0)	(100, 994.0)	(102, 1008.0)	(104, 1016.0)	(106, 999.0)	(108, 993.0)	(110, 1048.0)	(112, 1040.0)	(114, 1005.0)	(116, 961.0)	(118, 993.0)	(120, 976.0)	(122, 914.0)	(124, 947.0)	(126, 977.0)	(128, 905.0)	(130, 918.0)	(132, 908.0)	(134, 914.0)	(136, 936.0)	(138, 889.0)	(140, 835.0)	(142, 826.0)	(144, 814.0)	(146, 1040.0)	(148, 5328.0)	(150, 54106.0)
SRR8865587_1	(60, 311.0)	(62, 354.0)	(64, 361.0)	(66, 414.0)	(68, 425.0)	(70, 473.0)	(72, 474.0)	(74, 501.0)	(76, 544.0)	(78, 569.0)	(80, 632.0)	(82, 632.0)	(84, 673.0)	(86, 680.0)	(88, 666.0)	(90, 706.0)	(92, 794.0)	(94, 746.0)	(96, 843.0)	(98, 848.0)	(100, 860.0)	(102, 855.0)	(104, 878.0)	(106, 872.0)	(108, 896.0)	(110, 896.0)	(112, 838.0)	(114, 964.0)	(116, 928.0)	(118, 923.0)	(120, 946.0)	(122, 961.0)	(124, 910.0)	(126, 934.0)	(128, 921.0)	(130, 933.0)	(132, 942.0)	(134, 911.0)	(136, 922.0)	(138, 932.0)	(140, 843.0)	(142, 933.0)	(144, 928.0)	(146, 1184.0)	(148, 5497.0)	(150, 60747.0)
SRR8865587_2	(60, 311.0)	(62, 354.0)	(64, 362.0)	(66, 413.0)	(68, 425.0)	(70, 473.0)	(72, 473.0)	(74, 501.0)	(76, 545.0)	(78, 570.0)	(80, 632.0)	(82, 633.0)	(84, 673.0)	(86, 681.0)	(88, 665.0)	(90, 705.0)	(92, 795.0)	(94, 745.0)	(96, 846.0)	(98, 845.0)	(100, 859.0)	(102, 856.0)	(104, 879.0)	(106, 872.0)	(108, 891.0)	(110, 893.0)	(112, 837.0)	(114, 960.0)	(116, 928.0)	(118, 916.0)	(120, 943.0)	(122, 957.0)	(124, 912.0)	(126, 937.0)	(128, 917.0)	(130, 931.0)	(132, 933.0)	(134, 908.0)	(136, 919.0)	(138, 928.0)	(140, 840.0)	(142, 918.0)	(144, 901.0)	(146, 1118.0)	(148, 5500.0)	(150, 60900.0)
SRR8865588_1	(60, 129.0)	(62, 163.0)	(64, 171.0)	(66, 170.0)	(68, 227.0)	(70, 225.0)	(72, 252.0)	(74, 252.0)	(76, 281.0)	(78, 309.0)	(80, 300.0)	(82, 307.0)	(84, 337.0)	(86, 364.0)	(88, 335.0)	(90, 363.0)	(92, 393.0)	(94, 421.0)	(96, 424.0)	(98, 468.0)	(100, 477.0)	(102, 500.0)	(104, 498.0)	(106, 518.0)	(108, 550.0)	(110, 552.0)	(112, 571.0)	(114, 573.0)	(116, 640.0)	(118, 633.0)	(120, 649.0)	(122, 640.0)	(124, 649.0)	(126, 668.0)	(128, 656.0)	(130, 658.0)	(132, 671.0)	(134, 727.0)	(136, 703.0)	(138, 714.0)	(140, 734.0)	(142, 774.0)	(144, 745.0)	(146, 1081.0)	(148, 6336.0)	(150, 72192.0)
SRR8865588_2	(60, 129.0)	(62, 163.0)	(64, 171.0)	(66, 170.0)	(68, 226.0)	(70, 225.0)	(72, 252.0)	(74, 252.0)	(76, 281.0)	(78, 309.0)	(80, 300.0)	(82, 306.0)	(84, 337.0)	(86, 364.0)	(88, 334.0)	(90, 363.0)	(92, 394.0)	(94, 420.0)	(96, 424.0)	(98, 468.0)	(100, 477.0)	(102, 499.0)	(104, 498.0)	(106, 519.0)	(108, 548.0)	(110, 551.0)	(112, 573.0)	(114, 573.0)	(116, 642.0)	(118, 632.0)	(120, 649.0)	(122, 638.0)	(124, 650.0)	(126, 667.0)	(128, 655.0)	(130, 657.0)	(132, 672.0)	(134, 728.0)	(136, 704.0)	(138, 712.0)	(140, 735.0)	(142, 767.0)	(144, 742.0)	(146, 1075.0)	(148, 6149.0)	(150, 72400.0)
SRR8865589_1	(60, 365.0)	(62, 408.0)	(64, 438.0)	(66, 436.0)	(68, 565.0)	(70, 524.0)	(72, 538.0)	(74, 615.0)	(76, 586.0)	(78, 652.0)	(80, 706.0)	(82, 688.0)	(84, 727.0)	(86, 788.0)	(88, 727.0)	(90, 791.0)	(92, 789.0)	(94, 802.0)	(96, 826.0)	(98, 831.0)	(100, 828.0)	(102, 848.0)	(104, 861.0)	(106, 840.0)	(108, 859.0)	(110, 924.0)	(112, 881.0)	(114, 925.0)	(116, 886.0)	(118, 870.0)	(120, 812.0)	(122, 875.0)	(124, 908.0)	(126, 875.0)	(128, 801.0)	(130, 875.0)	(132, 826.0)	(134, 766.0)	(136, 845.0)	(138, 867.0)	(140, 827.0)	(142, 806.0)	(144, 676.0)	(146, 1015.0)	(148, 5356.0)	(150, 61346.0)
SRR8865589_2	(60, 365.0)	(62, 410.0)	(64, 437.0)	(66, 435.0)	(68, 561.0)	(70, 524.0)	(72, 534.0)	(74, 613.0)	(76, 586.0)	(78, 642.0)	(80, 695.0)	(82, 684.0)	(84, 720.0)	(86, 785.0)	(88, 718.0)	(90, 788.0)	(92, 773.0)	(94, 789.0)	(96, 815.0)	(98, 805.0)	(100, 806.0)	(102, 829.0)	(104, 839.0)	(106, 821.0)	(108, 826.0)	(110, 894.0)	(112, 839.0)	(114, 891.0)	(116, 824.0)	(118, 797.0)	(120, 740.0)	(122, 777.0)	(124, 827.0)	(126, 789.0)	(128, 706.0)	(130, 744.0)	(132, 677.0)	(134, 655.0)	(136, 723.0)	(138, 756.0)	(140, 753.0)	(142, 624.0)	(144, 521.0)	(146, 835.0)	(148, 5095.0)	(150, 63733.0)
SRR8865590_1	(60, 322.0)	(62, 346.0)	(64, 357.0)	(66, 396.0)	(68, 402.0)	(70, 443.0)	(72, 466.0)	(74, 408.0)	(76, 506.0)	(78, 523.0)	(80, 573.0)	(82, 582.0)	(84, 533.0)	(86, 558.0)	(88, 584.0)	(90, 654.0)	(92, 641.0)	(94, 657.0)	(96, 671.0)	(98, 678.0)	(100, 722.0)	(102, 738.0)	(104, 708.0)	(106, 723.0)	(108, 752.0)	(110, 722.0)	(112, 784.0)	(114, 823.0)	(116, 727.0)	(118, 805.0)	(120, 817.0)	(122, 761.0)	(124, 785.0)	(126, 795.0)	(128, 770.0)	(130, 811.0)	(132, 786.0)	(134, 786.0)	(136, 764.0)	(138, 815.0)	(140, 812.0)	(142, 800.0)	(144, 774.0)	(146, 1033.0)	(148, 5964.0)	(150, 64923.0)
SRR8865590_2	(60, 322.0)	(62, 347.0)	(64, 356.0)	(66, 396.0)	(68, 403.0)	(70, 443.0)	(72, 466.0)	(74, 409.0)	(76, 506.0)	(78, 522.0)	(80, 575.0)	(82, 582.0)	(84, 532.0)	(86, 558.0)	(88, 584.0)	(90, 654.0)	(92, 639.0)	(94, 657.0)	(96, 671.0)	(98, 676.0)	(100, 720.0)	(102, 740.0)	(104, 708.0)	(106, 722.0)	(108, 753.0)	(110, 721.0)	(112, 782.0)	(114, 821.0)	(116, 725.0)	(118, 806.0)	(120, 816.0)	(122, 759.0)	(124, 785.0)	(126, 798.0)	(128, 769.0)	(130, 808.0)	(132, 787.0)	(134, 784.0)	(136, 763.0)	(138, 812.0)	(140, 812.0)	(142, 796.0)	(144, 771.0)	(146, 1059.0)	(148, 5730.0)	(150, 65155.0)
SRR8865591_1	(60, 508.0)	(62, 548.0)	(64, 556.0)	(66, 563.0)	(68, 625.0)	(70, 676.0)	(72, 621.0)	(74, 682.0)	(76, 689.0)	(78, 779.0)	(80, 705.0)	(82, 752.0)	(84, 769.0)	(86, 766.0)	(88, 741.0)	(90, 839.0)	(92, 781.0)	(94, 780.0)	(96, 820.0)	(98, 875.0)	(100, 888.0)	(102, 871.0)	(104, 808.0)	(106, 822.0)	(108, 821.0)	(110, 817.0)	(112, 838.0)	(114, 865.0)	(116, 859.0)	(118, 840.0)	(120, 829.0)	(122, 867.0)	(124, 850.0)	(126, 789.0)	(128, 812.0)	(130, 824.0)	(132, 792.0)	(134, 817.0)	(136, 838.0)	(138, 784.0)	(140, 825.0)	(142, 736.0)	(144, 683.0)	(146, 988.0)	(148, 5051.0)	(150, 61011.0)
SRR8865591_2	(60, 509.0)	(62, 547.0)	(64, 555.0)	(66, 562.0)	(68, 624.0)	(70, 674.0)	(72, 619.0)	(74, 682.0)	(76, 688.0)	(78, 770.0)	(80, 701.0)	(82, 746.0)	(84, 764.0)	(86, 759.0)	(88, 736.0)	(90, 823.0)	(92, 775.0)	(94, 783.0)	(96, 808.0)	(98, 863.0)	(100, 875.0)	(102, 862.0)	(104, 785.0)	(106, 807.0)	(108, 798.0)	(110, 792.0)	(112, 804.0)	(114, 828.0)	(116, 811.0)	(118, 788.0)	(120, 773.0)	(122, 803.0)	(124, 756.0)	(126, 714.0)	(128, 703.0)	(130, 730.0)	(132, 687.0)	(134, 719.0)	(136, 740.0)	(138, 705.0)	(140, 748.0)	(142, 590.0)	(144, 539.0)	(146, 820.0)	(148, 4857.0)	(150, 62978.0)
SRR8865592_1	(60, 168.0)	(62, 146.0)	(64, 167.0)	(66, 193.0)	(68, 195.0)	(70, 214.0)	(72, 216.0)	(74, 222.0)	(76, 252.0)	(78, 267.0)	(80, 287.0)	(82, 260.0)	(84, 341.0)	(86, 301.0)	(88, 326.0)	(90, 362.0)	(92, 371.0)	(94, 362.0)	(96, 372.0)	(98, 391.0)	(100, 453.0)	(102, 404.0)	(104, 482.0)	(106, 462.0)	(108, 498.0)	(110, 589.0)	(112, 555.0)	(114, 545.0)	(116, 510.0)	(118, 546.0)	(120, 578.0)	(122, 610.0)	(124, 598.0)	(126, 604.0)	(128, 665.0)	(130, 687.0)	(132, 667.0)	(134, 707.0)	(136, 656.0)	(138, 768.0)	(140, 724.0)	(142, 726.0)	(144, 624.0)	(146, 1025.0)	(148, 5970.0)	(150, 73934.0)
SRR8865592_2	(60, 167.0)	(62, 146.0)	(64, 167.0)	(66, 193.0)	(68, 193.0)	(70, 212.0)	(72, 215.0)	(74, 223.0)	(76, 249.0)	(78, 264.0)	(80, 287.0)	(82, 261.0)	(84, 336.0)	(86, 296.0)	(88, 318.0)	(90, 355.0)	(92, 365.0)	(94, 360.0)	(96, 362.0)	(98, 387.0)	(100, 456.0)	(102, 398.0)	(104, 464.0)	(106, 460.0)	(108, 483.0)	(110, 557.0)	(112, 532.0)	(114, 497.0)	(116, 479.0)	(118, 495.0)	(120, 523.0)	(122, 554.0)	(124, 517.0)	(126, 533.0)	(128, 580.0)	(130, 580.0)	(132, 563.0)	(134, 605.0)	(136, 581.0)	(138, 696.0)	(140, 652.0)	(142, 575.0)	(144, 489.0)	(146, 871.0)	(148, 5424.0)	(150, 76080.0)
SRR8865593_1	(60, 239.0)	(62, 248.0)	(64, 285.0)	(66, 324.0)	(68, 316.0)	(70, 328.0)	(72, 352.0)	(74, 359.0)	(76, 360.0)	(78, 364.0)	(80, 434.0)	(82, 443.0)	(84, 447.0)	(86, 492.0)	(88, 506.0)	(90, 524.0)	(92, 561.0)	(94, 559.0)	(96, 573.0)	(98, 600.0)	(100, 629.0)	(102, 666.0)	(104, 640.0)	(106, 674.0)	(108, 669.0)	(110, 733.0)	(112, 721.0)	(114, 735.0)	(116, 746.0)	(118, 735.0)	(120, 765.0)	(122, 764.0)	(124, 783.0)	(126, 736.0)	(128, 811.0)	(130, 804.0)	(132, 798.0)	(134, 776.0)	(136, 762.0)	(138, 843.0)	(140, 810.0)	(142, 780.0)	(144, 840.0)	(146, 1162.0)	(148, 5963.0)	(150, 67341.0)
SRR8865593_2	(60, 240.0)	(62, 247.0)	(64, 285.0)	(66, 324.0)	(68, 316.0)	(70, 326.0)	(72, 352.0)	(74, 359.0)	(76, 359.0)	(78, 365.0)	(80, 435.0)	(82, 442.0)	(84, 447.0)	(86, 493.0)	(88, 505.0)	(90, 526.0)	(92, 562.0)	(94, 554.0)	(96, 573.0)	(98, 600.0)	(100, 627.0)	(102, 667.0)	(104, 637.0)	(106, 675.0)	(108, 667.0)	(110, 731.0)	(112, 717.0)	(114, 735.0)	(116, 745.0)	(118, 734.0)	(120, 762.0)	(122, 764.0)	(124, 781.0)	(126, 731.0)	(128, 808.0)	(130, 803.0)	(132, 800.0)	(134, 776.0)	(136, 759.0)	(138, 838.0)	(140, 808.0)	(142, 770.0)	(144, 826.0)	(146, 1145.0)	(148, 5714.0)	(150, 67670.0)
SRR8865594_1	(60, 124.0)	(62, 141.0)	(64, 145.0)	(66, 175.0)	(68, 193.0)	(70, 192.0)	(72, 217.0)	(74, 230.0)	(76, 276.0)	(78, 252.0)	(80, 280.0)	(82, 284.0)	(84, 276.0)	(86, 336.0)	(88, 374.0)	(90, 338.0)	(92, 338.0)	(94, 404.0)	(96, 375.0)	(98, 422.0)	(100, 408.0)	(102, 478.0)	(104, 511.0)	(106, 525.0)	(108, 487.0)	(110, 532.0)	(112, 548.0)	(114, 558.0)	(116, 584.0)	(118, 550.0)	(120, 587.0)	(122, 594.0)	(124, 635.0)	(126, 659.0)	(128, 654.0)	(130, 642.0)	(132, 670.0)	(134, 683.0)	(136, 682.0)	(138, 662.0)	(140, 666.0)	(142, 738.0)	(144, 674.0)	(146, 1083.0)	(148, 6463.0)	(150, 73355.0)
SRR8865594_2	(60, 123.0)	(62, 141.0)	(64, 144.0)	(66, 175.0)	(68, 193.0)	(70, 192.0)	(72, 217.0)	(74, 228.0)	(76, 276.0)	(78, 252.0)	(80, 280.0)	(82, 283.0)	(84, 277.0)	(86, 334.0)	(88, 374.0)	(90, 338.0)	(92, 338.0)	(94, 403.0)	(96, 375.0)	(98, 422.0)	(100, 408.0)	(102, 478.0)	(104, 510.0)	(106, 523.0)	(108, 485.0)	(110, 534.0)	(112, 547.0)	(114, 556.0)	(116, 584.0)	(118, 550.0)	(120, 585.0)	(122, 592.0)	(124, 635.0)	(126, 657.0)	(128, 653.0)	(130, 645.0)	(132, 667.0)	(134, 684.0)	(136, 682.0)	(138, 660.0)	(140, 668.0)	(142, 737.0)	(144, 668.0)	(146, 1062.0)	(148, 6087.0)	(150, 73778.0)
SRR8865595_1	(60, 126.0)	(62, 125.0)	(64, 157.0)	(66, 158.0)	(68, 169.0)	(70, 193.0)	(72, 175.0)	(74, 169.0)	(76, 215.0)	(78, 217.0)	(80, 239.0)	(82, 250.0)	(84, 266.0)	(86, 261.0)	(88, 303.0)	(90, 290.0)	(92, 347.0)	(94, 313.0)	(96, 343.0)	(98, 318.0)	(100, 424.0)	(102, 431.0)	(104, 433.0)	(106, 408.0)	(108, 432.0)	(110, 455.0)	(112, 478.0)	(114, 503.0)	(116, 539.0)	(118, 526.0)	(120, 524.0)	(122, 514.0)	(124, 558.0)	(126, 547.0)	(128, 564.0)	(130, 595.0)	(132, 590.0)	(134, 649.0)	(136, 581.0)	(138, 624.0)	(140, 623.0)	(142, 678.0)	(144, 661.0)	(146, 1024.0)	(148, 6424.0)	(150, 75581.0)
SRR8865595_2	(60, 126.0)	(62, 125.0)	(64, 157.0)	(66, 157.0)	(68, 169.0)	(70, 193.0)	(72, 175.0)	(74, 169.0)	(76, 215.0)	(78, 217.0)	(80, 239.0)	(82, 250.0)	(84, 266.0)	(86, 261.0)	(88, 304.0)	(90, 288.0)	(92, 346.0)	(94, 312.0)	(96, 343.0)	(98, 318.0)	(100, 424.0)	(102, 432.0)	(104, 432.0)	(106, 407.0)	(108, 434.0)	(110, 454.0)	(112, 477.0)	(114, 504.0)	(116, 539.0)	(118, 524.0)	(120, 524.0)	(122, 517.0)	(124, 558.0)	(126, 544.0)	(128, 563.0)	(130, 596.0)	(132, 588.0)	(134, 649.0)	(136, 582.0)	(138, 623.0)	(140, 621.0)	(142, 675.0)	(144, 657.0)	(146, 994.0)	(148, 6129.0)	(150, 75923.0)
SRR8865596_1	(60, 169.0)	(62, 199.0)	(64, 204.0)	(66, 217.0)	(68, 232.0)	(70, 285.0)	(72, 264.0)	(74, 291.0)	(76, 315.0)	(78, 302.0)	(80, 343.0)	(82, 363.0)	(84, 367.0)	(86, 385.0)	(88, 413.0)	(90, 436.0)	(92, 440.0)	(94, 451.0)	(96, 481.0)	(98, 500.0)	(100, 555.0)	(102, 529.0)	(104, 562.0)	(106, 564.0)	(108, 581.0)	(110, 570.0)	(112, 610.0)	(114, 591.0)	(116, 634.0)	(118, 605.0)	(120, 654.0)	(122, 674.0)	(124, 668.0)	(126, 691.0)	(128, 702.0)	(130, 729.0)	(132, 719.0)	(134, 726.0)	(136, 706.0)	(138, 708.0)	(140, 724.0)	(142, 746.0)	(144, 741.0)	(146, 1050.0)	(148, 5905.0)	(150, 71399.0)
SRR8865596_2	(60, 169.0)	(62, 199.0)	(64, 204.0)	(66, 217.0)	(68, 232.0)	(70, 285.0)	(72, 263.0)	(74, 291.0)	(76, 315.0)	(78, 303.0)	(80, 341.0)	(82, 364.0)	(84, 365.0)	(86, 386.0)	(88, 412.0)	(90, 433.0)	(92, 439.0)	(94, 449.0)	(96, 481.0)	(98, 498.0)	(100, 553.0)	(102, 530.0)	(104, 562.0)	(106, 564.0)	(108, 581.0)	(110, 569.0)	(112, 606.0)	(114, 592.0)	(116, 633.0)	(118, 606.0)	(120, 654.0)	(122, 673.0)	(124, 667.0)	(126, 689.0)	(128, 699.0)	(130, 728.0)	(132, 714.0)	(134, 726.0)	(136, 706.0)	(138, 706.0)	(140, 723.0)	(142, 741.0)	(144, 727.0)	(146, 1019.0)	(148, 5926.0)	(150, 71460.0)
SRR8865597_1	(60, 290.0)	(62, 321.0)	(64, 316.0)	(66, 366.0)	(68, 354.0)	(70, 405.0)	(72, 414.0)	(74, 416.0)	(76, 410.0)	(78, 488.0)	(80, 500.0)	(82, 506.0)	(84, 536.0)	(86, 516.0)	(88, 567.0)	(90, 592.0)	(92, 630.0)	(94, 631.0)	(96, 651.0)	(98, 673.0)	(100, 641.0)	(102, 710.0)	(104, 683.0)	(106, 727.0)	(108, 748.0)	(110, 774.0)	(112, 773.0)	(114, 761.0)	(116, 753.0)	(118, 849.0)	(120, 822.0)	(122, 803.0)	(124, 821.0)	(126, 839.0)	(128, 875.0)	(130, 795.0)	(132, 756.0)	(134, 861.0)	(136, 789.0)	(138, 870.0)	(140, 807.0)	(142, 730.0)	(144, 684.0)	(146, 1027.0)	(148, 5489.0)	(150, 66031.0)
SRR8865597_2	(60, 291.0)	(62, 320.0)	(64, 315.0)	(66, 363.0)	(68, 354.0)	(70, 404.0)	(72, 411.0)	(74, 413.0)	(76, 410.0)	(78, 486.0)	(80, 493.0)	(82, 503.0)	(84, 529.0)	(86, 515.0)	(88, 565.0)	(90, 587.0)	(92, 627.0)	(94, 626.0)	(96, 635.0)	(98, 661.0)	(100, 639.0)	(102, 686.0)	(104, 674.0)	(106, 718.0)	(108, 733.0)	(110, 746.0)	(112, 740.0)	(114, 733.0)	(116, 731.0)	(118, 796.0)	(120, 772.0)	(122, 746.0)	(124, 721.0)	(126, 768.0)	(128, 780.0)	(130, 697.0)	(132, 663.0)	(134, 727.0)	(136, 707.0)	(138, 777.0)	(140, 750.0)	(142, 585.0)	(144, 529.0)	(146, 859.0)	(148, 5066.0)	(150, 68149.0)
SRR8865598_1	(60, 437.0)	(62, 397.0)	(64, 457.0)	(66, 502.0)	(68, 521.0)	(70, 551.0)	(72, 546.0)	(74, 588.0)	(76, 617.0)	(78, 694.0)	(80, 705.0)	(82, 695.0)	(84, 689.0)	(86, 731.0)	(88, 747.0)	(90, 791.0)	(92, 828.0)	(94, 849.0)	(96, 788.0)	(98, 859.0)	(100, 867.0)	(102, 842.0)	(104, 870.0)	(106, 824.0)	(108, 865.0)	(110, 946.0)	(112, 903.0)	(114, 918.0)	(116, 820.0)	(118, 921.0)	(120, 957.0)	(122, 912.0)	(124, 904.0)	(126, 879.0)	(128, 921.0)	(130, 908.0)	(132, 866.0)	(134, 847.0)	(136, 836.0)	(138, 849.0)	(140, 860.0)	(142, 822.0)	(144, 737.0)	(146, 1003.0)	(148, 5067.0)	(150, 60864.0)
SRR8865598_2	(60, 437.0)	(62, 397.0)	(64, 457.0)	(66, 500.0)	(68, 520.0)	(70, 549.0)	(72, 545.0)	(74, 587.0)	(76, 611.0)	(78, 689.0)	(80, 698.0)	(82, 692.0)	(84, 681.0)	(86, 724.0)	(88, 740.0)	(90, 790.0)	(92, 816.0)	(94, 845.0)	(96, 781.0)	(98, 839.0)	(100, 863.0)	(102, 833.0)	(104, 847.0)	(106, 806.0)	(108, 843.0)	(110, 908.0)	(112, 877.0)	(114, 871.0)	(116, 766.0)	(118, 832.0)	(120, 904.0)	(122, 833.0)	(124, 827.0)	(126, 815.0)	(128, 810.0)	(130, 822.0)	(132, 759.0)	(134, 741.0)	(136, 739.0)	(138, 770.0)	(140, 789.0)	(142, 688.0)	(144, 574.0)	(146, 875.0)	(148, 4820.0)	(150, 62890.0)
SRR8865599_1	(60, 204.0)	(62, 185.0)	(64, 194.0)	(66, 203.0)	(68, 228.0)	(70, 265.0)	(72, 278.0)	(74, 311.0)	(76, 352.0)	(78, 347.0)	(80, 360.0)	(82, 355.0)	(84, 387.0)	(86, 402.0)	(88, 462.0)	(90, 418.0)	(92, 449.0)	(94, 434.0)	(96, 490.0)	(98, 553.0)	(100, 521.0)	(102, 596.0)	(104, 559.0)	(106, 584.0)	(108, 596.0)	(110, 628.0)	(112, 608.0)	(114, 676.0)	(116, 611.0)	(118, 671.0)	(120, 710.0)	(122, 703.0)	(124, 726.0)	(126, 634.0)	(128, 663.0)	(130, 704.0)	(132, 740.0)	(134, 720.0)	(136, 741.0)	(138, 698.0)	(140, 725.0)	(142, 735.0)	(144, 765.0)	(146, 1081.0)	(148, 6019.0)	(150, 70709.0)
SRR8865599_2	(60, 204.0)	(62, 185.0)	(64, 194.0)	(66, 203.0)	(68, 229.0)	(70, 265.0)	(72, 277.0)	(74, 311.0)	(76, 352.0)	(78, 347.0)	(80, 360.0)	(82, 357.0)	(84, 385.0)	(86, 401.0)	(88, 462.0)	(90, 417.0)	(92, 448.0)	(94, 433.0)	(96, 491.0)	(98, 552.0)	(100, 519.0)	(102, 595.0)	(104, 558.0)	(106, 585.0)	(108, 591.0)	(110, 628.0)	(112, 605.0)	(114, 677.0)	(116, 612.0)	(118, 671.0)	(120, 709.0)	(122, 700.0)	(124, 724.0)	(126, 635.0)	(128, 662.0)	(130, 702.0)	(132, 738.0)	(134, 717.0)	(136, 742.0)	(138, 697.0)	(140, 723.0)	(142, 733.0)	(144, 746.0)	(146, 1060.0)	(148, 5997.0)	(150, 70801.0)
SRR8865600_1	(60, 127.0)	(62, 128.0)	(64, 147.0)	(66, 182.0)	(68, 155.0)	(70, 170.0)	(72, 200.0)	(74, 192.0)	(76, 201.0)	(78, 230.0)	(80, 280.0)	(82, 275.0)	(84, 261.0)	(86, 264.0)	(88, 296.0)	(90, 343.0)	(92, 298.0)	(94, 332.0)	(96, 374.0)	(98, 372.0)	(100, 416.0)	(102, 433.0)	(104, 426.0)	(106, 439.0)	(108, 439.0)	(110, 463.0)	(112, 496.0)	(114, 488.0)	(116, 502.0)	(118, 539.0)	(120, 582.0)	(122, 550.0)	(124, 579.0)	(126, 581.0)	(128, 556.0)	(130, 625.0)	(132, 604.0)	(134, 592.0)	(136, 617.0)	(138, 621.0)	(140, 614.0)	(142, 645.0)	(144, 613.0)	(146, 1006.0)	(148, 6744.0)	(150, 75003.0)
SRR8865600_2	(60, 127.0)	(62, 128.0)	(64, 147.0)	(66, 182.0)	(68, 155.0)	(70, 170.0)	(72, 200.0)	(74, 192.0)	(76, 201.0)	(78, 230.0)	(80, 280.0)	(82, 275.0)	(84, 262.0)	(86, 263.0)	(88, 298.0)	(90, 342.0)	(92, 298.0)	(94, 332.0)	(96, 373.0)	(98, 373.0)	(100, 416.0)	(102, 432.0)	(104, 425.0)	(106, 439.0)	(108, 438.0)	(110, 466.0)	(112, 496.0)	(114, 488.0)	(116, 501.0)	(118, 539.0)	(120, 582.0)	(122, 555.0)	(124, 580.0)	(126, 580.0)	(128, 556.0)	(130, 624.0)	(132, 607.0)	(134, 591.0)	(136, 620.0)	(138, 621.0)	(140, 616.0)	(142, 644.0)	(144, 619.0)	(146, 1002.0)	(148, 6425.0)	(150, 75310.0)
SRR8865601_1	(60, 181.0)	(62, 146.0)	(64, 202.0)	(66, 196.0)	(68, 227.0)	(70, 263.0)	(72, 248.0)	(74, 268.0)	(76, 275.0)	(78, 298.0)	(80, 306.0)	(82, 345.0)	(84, 363.0)	(86, 384.0)	(88, 410.0)	(90, 442.0)	(92, 445.0)	(94, 461.0)	(96, 429.0)	(98, 473.0)	(100, 523.0)	(102, 565.0)	(104, 506.0)	(106, 566.0)	(108, 602.0)	(110, 607.0)	(112, 599.0)	(114, 605.0)	(116, 623.0)	(118, 664.0)	(120, 657.0)	(122, 658.0)	(124, 665.0)	(126, 726.0)	(128, 723.0)	(130, 686.0)	(132, 728.0)	(134, 709.0)	(136, 680.0)	(138, 705.0)	(140, 758.0)	(142, 774.0)	(144, 808.0)	(146, 1129.0)	(148, 6382.0)	(150, 70990.0)
SRR8865601_2	(60, 181.0)	(62, 146.0)	(64, 203.0)	(66, 196.0)	(68, 227.0)	(70, 263.0)	(72, 248.0)	(74, 268.0)	(76, 276.0)	(78, 298.0)	(80, 308.0)	(82, 345.0)	(84, 363.0)	(86, 383.0)	(88, 410.0)	(90, 442.0)	(92, 446.0)	(94, 459.0)	(96, 427.0)	(98, 474.0)	(100, 517.0)	(102, 563.0)	(104, 506.0)	(106, 566.0)	(108, 603.0)	(110, 606.0)	(112, 600.0)	(114, 611.0)	(116, 622.0)	(118, 665.0)	(120, 657.0)	(122, 658.0)	(124, 665.0)	(126, 724.0)	(128, 719.0)	(130, 687.0)	(132, 732.0)	(134, 715.0)	(136, 682.0)	(138, 705.0)	(140, 756.0)	(142, 771.0)	(144, 795.0)	(146, 1132.0)	(148, 6183.0)	(150, 71197.0)
