Sample	0	1	2	3	4	5	6	7	8	9	10	11	12	13	14	15	16	17	18	19	20	21	22	23	24	25	26	27	28	29	30	31	32	33	34	35	36	37
SRR5898908_1	(1, 31.14143)	(2, 31.27437)	(3, 31.32446)	(4, 31.45847)	(5, 31.38809)	(6, 34.63037)	(7, 34.64366)	(8, 34.56966)	(9, 34.79562)	(10, 34.750158)	(15, 34.70125)	(20, 34.611072)	(25, 34.439375999999996)	(30, 34.28178141360761)	(35, 34.15470247740147)	(40, 34.02896049362483)	(45, 33.961295421563506)	(50, 33.78851050260129)	(55, 33.480783195350455)	(60, 33.36150045847545)	(65, 33.21060927221236)	(70, 32.798619204750054)	(75, 32.61380218491744)	(80, 32.37222052539792)	(85, 32.24121281013442)	(90, 32.046171716525535)	(95, 31.858996068832965)	(100, 31.47652516114233)	(105, 31.266705833020573)	(110, 30.95694865569926)	(115, 30.643127139990305)	(120, 30.3899713029431)	(125, 29.920440974279103)	(130, 29.679008777888498)	(135, 29.29214641973602)	(140, 28.51427426822342)	(145, 28.299494056688253)	(150, 26.286068644298517)
SRR5898908_2	(1, 31.0842)	(2, 30.58436)	(3, 30.57292)	(4, 30.60891)	(5, 30.50237)	(6, 34.02859)	(7, 33.91234)	(8, 33.8628)	(9, 34.09376)	(10, 33.941615999999996)	(15, 33.81984)	(20, 33.64251399999999)	(25, 33.528604)	(30, 33.28717181445529)	(35, 33.05517928715993)	(40, 32.79640704865358)	(45, 32.551917497836506)	(50, 32.42116182255623)	(55, 32.155266538803915)	(60, 31.957020166107704)	(65, 31.739568681574916)	(70, 31.453230748185227)	(75, 31.194713512118096)	(80, 30.940992748580083)	(85, 30.57985336781481)	(90, 29.997703739806752)	(95, 29.639630351677617)	(100, 29.017673992644355)	(105, 28.180653973585038)	(110, 27.64650413745013)	(115, 27.048170594687853)	(120, 26.52550113486135)	(125, 26.067065052731873)	(130, 25.80542183339166)	(135, 25.400966923855606)	(140, 24.95477123501317)	(145, 24.531440027880677)	(150, 22.041211600409802)
SRR5898909_1	(1, 31.11083)	(2, 31.21677)	(3, 31.31071)	(4, 31.44113)	(5, 31.38914)	(6, 34.62322)	(7, 34.64847)	(8, 34.56535)	(9, 34.68345)	(10, 34.706616000000004)	(15, 34.672116)	(20, 34.616304)	(25, 34.421065999999996)	(30, 34.265975846380975)	(35, 34.12864539368519)	(40, 34.00291255876323)	(45, 33.9513492076697)	(50, 33.721265155650364)	(55, 33.44284132606741)	(60, 33.2819156003128)	(65, 33.10518087290018)	(70, 32.66364496081181)	(75, 32.49219035733967)	(80, 32.22725091949043)	(85, 32.08485933443298)	(90, 31.87395802078231)	(95, 31.676521130373136)	(100, 31.276877411248513)	(105, 31.025921227910725)	(110, 30.74021892900736)	(115, 30.43812457120955)	(120, 30.15263249022329)	(125, 29.816099100647534)	(130, 29.58210094595241)	(135, 29.2084821240951)	(140, 28.518970247910083)	(145, 28.211341566383066)	(150, 26.37809101003097)
SRR5898909_2	(1, 31.14166)	(2, 30.69074)	(3, 30.71293)	(4, 30.7467)	(5, 30.64089)	(6, 34.217)	(7, 34.10719)	(8, 34.03615)	(9, 34.2397)	(10, 34.087418)	(15, 33.98798)	(20, 33.81317)	(25, 33.718428)	(30, 33.491031916991915)	(35, 33.31173256865227)	(40, 33.07805599675619)	(45, 32.779478100130234)	(50, 32.556256128029204)	(55, 32.31460335452133)	(60, 32.08614587503385)	(65, 31.86915768072483)	(70, 31.60644069935999)	(75, 31.300654760864585)	(80, 31.029540925199363)	(85, 30.664686611042384)	(90, 30.186293251415975)	(95, 29.77670331986068)	(100, 29.12166513347314)	(105, 28.416557907217044)	(110, 27.861492405208345)	(115, 27.172804922943136)	(120, 26.657057633572826)	(125, 26.127815530762074)	(130, 25.83403686230286)	(135, 25.242101815270722)	(140, 24.856269272193632)	(145, 24.318569446369953)	(150, 21.930865407259827)
SRR5898910_1	(1, 30.86438)	(2, 30.94349)	(3, 30.94407)	(4, 31.11974)	(5, 30.96758)	(6, 33.81784)	(7, 33.86895)	(8, 33.8708)	(9, 33.9677)	(10, 33.968678)	(15, 33.864372)	(20, 33.85460199999999)	(25, 33.595812)	(30, 33.413830000000004)	(35, 33.269929869677114)	(40, 33.1819187184699)	(45, 33.0444752500474)	(50, 32.89113277888644)	(55, 32.69702727721186)	(60, 32.546979654553056)	(65, 32.35446843074733)	(70, 32.26288111094609)	(75, 31.84320190265973)	(80, 31.683100099542877)	(85, 31.411531401532717)	(90, 31.22364183595612)	(95, 31.012619467283525)	(100, 30.974328631461418)	(105, 30.713902952475507)	(110, 30.492807140561172)	(115, 30.49153312651231)	(120, 30.26540183612274)	(125, 30.025098295815184)	(130, 29.858273799088842)	(135, 29.734779185938418)	(140, 29.477474917901628)	(145, 29.130045409648478)	(150, 27.349345981997836)
SRR5898910_2	(1, 30.82512)	(2, 30.497)	(3, 30.4002)	(4, 30.47179)	(5, 30.35316)	(6, 33.73649)	(7, 33.58858)	(8, 33.47417)	(9, 33.72782)	(10, 33.571296000000004)	(15, 33.373613999999996)	(20, 33.31574)	(25, 33.201704)	(30, 33.067672)	(35, 32.94876528168837)	(40, 32.7900350357809)	(45, 32.521153170791045)	(50, 32.202652652225126)	(55, 31.971713061920003)	(60, 31.817305615559384)	(65, 31.56110730566191)	(70, 31.28390231053125)	(75, 31.109937607819937)	(80, 30.85312428190681)	(85, 30.672637463069883)	(90, 30.43771264875457)	(95, 29.928408681220464)	(100, 29.951612406176416)	(105, 29.78405929834552)	(110, 29.424091189423194)	(115, 29.052402710827625)	(120, 28.688056177959965)	(125, 28.76321758810575)	(130, 28.529814573322717)	(135, 28.24048532227207)	(140, 27.769046145421395)	(145, 27.08955901049984)	(150, 25.465531137318496)
SRR5898911_1	(1, 31.04472)	(2, 31.05696)	(3, 31.17546)	(4, 31.33384)	(5, 31.26035)	(6, 34.40884)	(7, 34.42729)	(8, 34.33295)	(9, 34.61553)	(10, 34.53805)	(15, 34.485082)	(20, 34.3991)	(25, 34.19401)	(30, 34.0158220064812)	(35, 33.85985826971755)	(40, 33.72006987373046)	(45, 33.64548528304441)	(50, 33.429605990510325)	(55, 33.14058063471078)	(60, 32.94670213879029)	(65, 32.811881872855054)	(70, 32.395667546455854)	(75, 32.22382788310581)	(80, 31.912823902413965)	(85, 31.774043923891536)	(90, 31.570430777922752)	(95, 31.338056163044463)	(100, 30.977843184891015)	(105, 30.727726012333044)	(110, 30.453275185288533)	(115, 30.11220922077003)	(120, 29.793670981814063)	(125, 29.36582625175629)	(130, 29.182901878974757)	(135, 28.728772294081544)	(140, 28.05988416037893)	(145, 27.784033271047917)	(150, 25.93670066218401)
SRR5898911_2	(1, 31.00619)	(2, 30.512)	(3, 30.54908)	(4, 30.5791)	(5, 30.45611)	(6, 33.92037)	(7, 33.82244)	(8, 33.79568)	(9, 33.99345)	(10, 33.819234)	(15, 33.69619)	(20, 33.529484000000004)	(25, 33.394648000000004)	(30, 33.14146874404608)	(35, 32.87222029995682)	(40, 32.621533887161206)	(45, 32.34126782210164)	(50, 32.17144454633741)	(55, 31.889197018436725)	(60, 31.637450390241117)	(65, 31.422759527585818)	(70, 31.10280729608715)	(75, 30.819256492182525)	(80, 30.516101515386755)	(85, 30.13022148430746)	(90, 29.564269315861388)	(95, 29.170964262013104)	(100, 28.51446943772251)	(105, 27.728828698321184)	(110, 27.106940066600565)	(115, 26.493341575680255)	(120, 25.933864574219665)	(125, 25.463171184842615)	(130, 25.16156166451625)	(135, 24.733952026354338)	(140, 24.33002362030267)	(145, 23.827349507686584)	(150, 21.505448176112722)
SRR5898912_1	(1, 31.1021)	(2, 31.16343)	(3, 31.23534)	(4, 31.39027)	(5, 31.33691)	(6, 34.48789)	(7, 34.5204)	(8, 34.44558)	(9, 34.71876)	(10, 34.659212000000004)	(15, 34.608908)	(20, 34.538304)	(25, 34.331088)	(30, 34.18072686040885)	(35, 34.030880436101505)	(40, 33.911020593244416)	(45, 33.846262923836676)	(50, 33.65057447362926)	(55, 33.40509191332298)	(60, 33.21385912969172)	(65, 33.040414201063)	(70, 32.64768968213395)	(75, 32.473238946358215)	(80, 32.17729040931592)	(85, 32.05908769346207)	(90, 31.88849431206059)	(95, 31.630761357607007)	(100, 31.26569147249298)	(105, 30.98268174193272)	(110, 30.745254683837324)	(115, 30.39304891928224)	(120, 30.13968956512384)	(125, 29.72995461354207)	(130, 29.53193616810817)	(135, 29.12854726709752)	(140, 28.382724233740277)	(145, 28.135275027987063)	(150, 26.36021208672161)
SRR5898912_2	(1, 31.03858)	(2, 30.57052)	(3, 30.5793)	(4, 30.64072)	(5, 30.48843)	(6, 34.01711)	(7, 33.94733)	(8, 33.87027)	(9, 34.06918)	(10, 33.922768000000005)	(15, 33.806439999999995)	(20, 33.657082)	(25, 33.530100000000004)	(30, 33.29900354698363)	(35, 33.07999254789944)	(40, 32.84579539241325)	(45, 32.55324543580415)	(50, 32.404863086787806)	(55, 32.142781674998574)	(60, 31.901005721891188)	(65, 31.690846029568053)	(70, 31.419709682959667)	(75, 31.130185297377757)	(80, 30.862514374817312)	(85, 30.48875191089875)	(90, 29.924212566175378)	(95, 29.573354697895656)	(100, 28.873542061934717)	(105, 28.064259845443377)	(110, 27.547192181904915)	(115, 26.891056564564348)	(120, 26.32049249429563)	(125, 25.860204130965975)	(130, 25.57570213647449)	(135, 25.08267164105331)	(140, 24.615767568003513)	(145, 24.126915056553084)	(150, 21.76614495404255)
SRR5898920_1	(1, 30.87309)	(2, 30.92021)	(3, 30.90701)	(4, 31.07348)	(5, 30.93579)	(6, 33.8157)	(7, 33.858)	(8, 33.86175)	(9, 33.98171)	(10, 33.968934000000004)	(15, 33.846368)	(20, 33.818026)	(25, 33.603772000000006)	(30, 33.426536)	(35, 33.27216781705886)	(40, 33.18766170020685)	(45, 33.05005383350985)	(50, 32.906038788826834)	(55, 32.735005962525655)	(60, 32.59256121445233)	(65, 32.38347756560664)	(70, 32.31845163609455)	(75, 31.944930400761752)	(80, 31.74893500549289)	(85, 31.448158749536606)	(90, 31.25208146622042)	(95, 31.091456519830633)	(100, 31.070640982900738)	(105, 30.854537467023626)	(110, 30.58215067133788)	(115, 30.587140655034023)	(120, 30.416362089267317)	(125, 30.10864450588819)	(130, 30.037492498027074)	(135, 29.8369288418316)	(140, 29.673945545493773)	(145, 29.348778870462667)	(150, 27.593149846726362)
SRR5898920_2	(1, 30.86871)	(2, 30.51426)	(3, 30.41781)	(4, 30.53015)	(5, 30.38574)	(6, 33.74889)	(7, 33.6818)	(8, 33.51568)	(9, 33.77993)	(10, 33.64421)	(15, 33.481708000000005)	(20, 33.391608000000005)	(25, 33.27332)	(30, 33.133466000000006)	(35, 33.045476679476764)	(40, 32.9107953070039)	(45, 32.66679008006558)	(50, 32.45915937723872)	(55, 32.149694197128426)	(60, 32.01643041442057)	(65, 31.738486434679096)	(70, 31.43723575989805)	(75, 31.303374728424778)	(80, 31.133395381941728)	(85, 30.909925180354655)	(90, 30.72605579951633)	(95, 30.29130325079776)	(100, 30.20197758116267)	(105, 30.08225044182866)	(110, 29.760763800854626)	(115, 29.467918000222518)	(120, 29.132624188518726)	(125, 28.979020256675064)	(130, 28.789387379747474)	(135, 28.643558826722348)	(140, 28.195384469786894)	(145, 27.653439564417976)	(150, 25.887413871576396)
SRR5898921_1	(1, 30.88512)	(2, 30.91898)	(3, 30.91115)	(4, 31.09309)	(5, 30.92164)	(6, 33.78838)	(7, 33.85358)	(8, 33.83116)	(9, 33.97867)	(10, 33.955214)	(15, 33.85594999999999)	(20, 33.82489)	(25, 33.56137)	(30, 33.380832000000005)	(35, 33.24681740979575)	(40, 33.183736329364436)	(45, 33.01492607755024)	(50, 32.88714592990093)	(55, 32.68541560109696)	(60, 32.54811291219668)	(65, 32.36589910378384)	(70, 32.24122612444425)	(75, 31.846953462635746)	(80, 31.683186624562314)	(85, 31.394377963803983)	(90, 31.240965764950452)	(95, 31.02578438145464)	(100, 30.983630597083657)	(105, 30.768502443703852)	(110, 30.532954478871194)	(115, 30.519180340463855)	(120, 30.316447138172396)	(125, 30.062260340978366)	(130, 29.93616343522847)	(135, 29.772330873069837)	(140, 29.562645662474274)	(145, 29.269228034220703)	(150, 27.357589619695887)
SRR5898921_2	(1, 30.7426)	(2, 30.39004)	(3, 30.2878)	(4, 30.43603)	(5, 30.27704)	(6, 33.61696)	(7, 33.53778)	(8, 33.34511)	(9, 33.69638)	(10, 33.527722000000004)	(15, 33.32209400000001)	(20, 33.238452)	(25, 33.111648)	(30, 32.982898)	(35, 32.87226892390784)	(40, 32.72993885418124)	(45, 32.49549791145501)	(50, 32.23441329870953)	(55, 31.91201390477885)	(60, 31.801123700017268)	(65, 31.570405211755617)	(70, 31.25642441636598)	(75, 31.102748045045427)	(80, 30.88199225644174)	(85, 30.72164576963784)	(90, 30.456899081105796)	(95, 30.008870274588645)	(100, 30.03475009359324)	(105, 29.884608413114382)	(110, 29.480779220354197)	(115, 29.22614971353304)	(120, 28.89591263728577)	(125, 28.864540066470376)	(130, 28.63007567232567)	(135, 28.410215488719786)	(140, 27.907209092801175)	(145, 27.34621718106726)	(150, 25.611194371070965)
SRR5898922_1	(1, 30.86735)	(2, 30.87818)	(3, 30.8491)	(4, 31.06111)	(5, 30.89535)	(6, 33.67241)	(7, 33.73499)	(8, 33.72945)	(9, 33.88998)	(10, 33.86224)	(15, 33.761883999999995)	(20, 33.742444)	(25, 33.481804000000004)	(30, 33.30614799999999)	(35, 33.14030876239393)	(40, 33.067881677834066)	(45, 32.90298562166306)	(50, 32.77641188801248)	(55, 32.5741687440547)	(60, 32.43331999250058)	(65, 32.24408238990694)	(70, 32.11357777409646)	(75, 31.72174150735963)	(80, 31.533383632431935)	(85, 31.22748165340791)	(90, 31.05917391187104)	(95, 30.857851997176176)	(100, 30.819045894877895)	(105, 30.591442112451425)	(110, 30.347494601538266)	(115, 30.35255548387132)	(120, 30.166063597867986)	(125, 29.863468170531895)	(130, 29.723191056505016)	(135, 29.567684029198688)	(140, 29.34437406996624)	(145, 29.043177426249372)	(150, 27.301096263726542)
SRR5898922_2	(1, 30.77806)	(2, 30.41419)	(3, 30.38318)	(4, 30.44144)	(5, 30.31008)	(6, 33.62254)	(7, 33.50825)	(8, 33.33614)	(9, 33.64302)	(10, 33.488262000000006)	(15, 33.297520000000006)	(20, 33.193326)	(25, 33.079244)	(30, 32.960699999999996)	(35, 32.838988586686646)	(40, 32.71640903511659)	(45, 32.438397342275934)	(50, 32.19551607586334)	(55, 31.83874021102135)	(60, 31.702503097703573)	(65, 31.486414140107307)	(70, 31.14660535202887)	(75, 30.99272863352927)	(80, 30.75087538107145)	(85, 30.586652490012646)	(90, 30.318041232582722)	(95, 29.874521421113656)	(100, 29.879473149512517)	(105, 29.719957354402766)	(110, 29.301509933587038)	(115, 29.032607032352427)	(120, 28.67408024472378)	(125, 28.68394905240543)	(130, 28.386179276805745)	(135, 28.195447411530647)	(140, 27.682158212476907)	(145, 27.119987970461285)	(150, 25.502058352653485)
SRR5898923_1	(1, 30.82122)	(2, 30.82821)	(3, 30.8115)	(4, 31.0157)	(5, 30.82579)	(6, 33.61215)	(7, 33.68373)	(8, 33.65462)	(9, 33.82343)	(10, 33.77842)	(15, 33.651588)	(20, 33.64122)	(25, 33.408432000000005)	(30, 33.196962)	(35, 33.040386280228475)	(40, 32.946795796868784)	(45, 32.79565995706067)	(50, 32.68059632369882)	(55, 32.45726760453444)	(60, 32.32940216656047)	(65, 32.125809577986125)	(70, 32.014786001179395)	(75, 31.624788278113403)	(80, 31.43196773019838)	(85, 31.135129204157767)	(90, 30.947734875323768)	(95, 30.720970028894993)	(100, 30.682309749764972)	(105, 30.43978928089074)	(110, 30.18524384430025)	(115, 30.19416394111077)	(120, 29.981366078386237)	(125, 29.72042081875183)	(130, 29.570237987230108)	(135, 29.427172720844275)	(140, 29.16034831933293)	(145, 28.822315310990557)	(150, 26.959760903977006)
SRR5898923_2	(1, 30.71146)	(2, 30.38468)	(3, 30.27884)	(4, 30.38435)	(5, 30.2275)	(6, 33.54721)	(7, 33.41971)	(8, 33.26403)	(9, 33.57162)	(10, 33.404712)	(15, 33.215593999999996)	(20, 33.133102)	(25, 32.996366)	(30, 32.84854)	(35, 32.75997512115067)	(40, 32.62135779857449)	(45, 32.31695968550564)	(50, 32.03789938939667)	(55, 31.722403643548226)	(60, 31.592401423223425)	(65, 31.351451669390677)	(70, 31.027750939400118)	(75, 30.873717447585115)	(80, 30.635644931241693)	(85, 30.45072472328937)	(90, 30.153086613212018)	(95, 29.704804430602973)	(100, 29.69357358144503)	(105, 29.53322087132136)	(110, 29.15780302667012)	(115, 28.82654314592141)	(120, 28.473537835120073)	(125, 28.508565469005294)	(130, 28.240437509950937)	(135, 27.991541668453902)	(140, 27.4762256888717)	(145, 26.84771436339899)	(150, 25.271438096880253)
SRR5898924_1	(1, 30.91638)	(2, 30.92904)	(3, 30.95038)	(4, 31.10425)	(5, 30.96678)	(6, 33.80152)	(7, 33.89231)	(8, 33.84019)	(9, 33.99717)	(10, 33.984942000000004)	(15, 33.86797)	(20, 33.881933999999994)	(25, 33.613240000000005)	(30, 33.425898000000004)	(35, 33.27790594031932)	(40, 33.195464055472435)	(45, 33.053115836196085)	(50, 32.915962313353646)	(55, 32.72459928689396)	(60, 32.59701798197818)	(65, 32.402089697935125)	(70, 32.26431369605022)	(75, 31.904363900313303)	(80, 31.7331128112535)	(85, 31.434387544149835)	(90, 31.284050662892163)	(95, 31.045808819036807)	(100, 31.02678234228269)	(105, 30.835316138317296)	(110, 30.566996144754558)	(115, 30.558200828041798)	(120, 30.396644467109958)	(125, 30.12890196190122)	(130, 29.982044895257694)	(135, 29.823603162752146)	(140, 29.614507540403963)	(145, 29.286273121764786)	(150, 27.50578814632082)
SRR5898924_2	(1, 30.73046)	(2, 30.26756)	(3, 30.22766)	(4, 30.33828)	(5, 30.14835)	(6, 33.46878)	(7, 33.38772)	(8, 33.2102)	(9, 33.53984)	(10, 33.383734)	(15, 33.20604)	(20, 33.09334)	(25, 33.001926)	(30, 32.830348)	(35, 32.74674203414683)	(40, 32.601036196647684)	(45, 32.34538453163729)	(50, 32.085830132074804)	(55, 31.806631208110172)	(60, 31.6384422526003)	(65, 31.388502375456472)	(70, 31.107923622058216)	(75, 30.93545619275552)	(80, 30.721473862867565)	(85, 30.530239749895372)	(90, 30.300124976987263)	(95, 29.838910235460038)	(100, 29.856453499806946)	(105, 29.735228497080943)	(110, 29.32737733059699)	(115, 29.058468185284273)	(120, 28.720624078087734)	(125, 28.711350622540454)	(130, 28.430576211607622)	(135, 28.238828405308755)	(140, 27.749525035450006)	(145, 27.19613559672076)	(150, 25.57335659770655)
SRR5898925_1	(1, 30.88155)	(2, 30.91804)	(3, 30.93243)	(4, 31.09577)	(5, 30.91383)	(6, 33.80226)	(7, 33.87281)	(8, 33.80676)	(9, 34.01985)	(10, 33.96037)	(15, 33.840564)	(20, 33.82973)	(25, 33.622246000000004)	(30, 33.448097999999995)	(35, 33.28509762106174)	(40, 33.20062126222961)	(45, 33.058154009990425)	(50, 32.931354316864095)	(55, 32.75260493766041)	(60, 32.594285945375034)	(65, 32.42032966662273)	(70, 32.32596892479459)	(75, 31.982281556058247)	(80, 31.767272732207438)	(85, 31.463077530190795)	(90, 31.318031762991033)	(95, 31.115346722415932)	(100, 31.084711332791493)	(105, 30.887530857840193)	(110, 30.62670882453903)	(115, 30.633191685346212)	(120, 30.422287350421918)	(125, 30.133253159778512)	(130, 30.078634926714233)	(135, 29.87078300891319)	(140, 29.683011081581743)	(145, 29.378505442294806)	(150, 27.629239837690122)
SRR5898925_2	(1, 30.8363)	(2, 30.50419)	(3, 30.44543)	(4, 30.53596)	(5, 30.40494)	(6, 33.70111)	(7, 33.65926)	(8, 33.50445)	(9, 33.76838)	(10, 33.624482)	(15, 33.457944)	(20, 33.370250000000006)	(25, 33.26124)	(30, 33.129782000000006)	(35, 33.0221177704047)	(40, 32.901898307451305)	(45, 32.6672986963527)	(50, 32.44786304986818)	(55, 32.11910076477459)	(60, 31.997682978330335)	(65, 31.736051593906176)	(70, 31.479758003993386)	(75, 31.293015352046574)	(80, 31.121319911263196)	(85, 30.913488907101414)	(90, 30.71692680779173)	(95, 30.27007029317189)	(100, 30.209182070030728)	(105, 30.126812787109696)	(110, 29.744500007740402)	(115, 29.448405005525927)	(120, 29.11749185549247)	(125, 28.960650275984097)	(130, 28.7778677351938)	(135, 28.61315361044101)	(140, 28.20611104779248)	(145, 27.63053866052466)	(150, 25.92739765064336)
SRR5898926_1	(1, 30.79233)	(2, 30.82435)	(3, 30.87062)	(4, 31.08007)	(5, 30.88492)	(6, 33.77629)	(7, 33.8275)	(8, 33.78284)	(9, 33.89942)	(10, 33.910974)	(15, 33.81344)	(20, 33.79845)	(25, 33.572594)	(30, 33.381021999999994)	(35, 33.21138771466326)	(40, 33.110724860894656)	(45, 32.988554745098305)	(50, 32.83506690702934)	(55, 32.66918808464739)	(60, 32.497472522596716)	(65, 32.25853426475225)	(70, 32.22442622039417)	(75, 31.852641267029703)	(80, 31.6355546429353)	(85, 31.324020571655588)	(90, 31.136018972756393)	(95, 30.96414162564767)	(100, 30.92170939684231)	(105, 30.701860869123937)	(110, 30.511803554494726)	(115, 30.479534657030946)	(120, 30.2610467659824)	(125, 30.020049183378582)	(130, 29.948075663364914)	(135, 29.762538810300263)	(140, 29.604202725587548)	(145, 29.304426729687407)	(150, 27.68077709457222)
SRR5898926_2	(1, 30.72552)	(2, 30.33017)	(3, 30.26882)	(4, 30.37245)	(5, 30.2195)	(6, 33.56487)	(7, 33.51379)	(8, 33.33723)	(9, 33.65992)	(10, 33.476694)	(15, 33.315276)	(20, 33.186615999999994)	(25, 33.108582)	(30, 32.915452)	(35, 32.84001851120693)	(40, 32.67487604878358)	(45, 32.43927964585258)	(50, 32.22323397836748)	(55, 31.900093778449047)	(60, 31.768945544547694)	(65, 31.470928194459212)	(70, 31.205676482455353)	(75, 31.004229027441728)	(80, 30.850509594032683)	(85, 30.654450139762048)	(90, 30.466632998621435)	(95, 30.085066984361085)	(100, 29.94302090211726)	(105, 29.871409154227003)	(110, 29.503475249554498)	(115, 29.252612796584128)	(120, 28.918834361616952)	(125, 28.77975251192068)	(130, 28.54107443122016)	(135, 28.421798847623716)	(140, 28.06619214686313)	(145, 27.66113492145729)	(150, 25.87478290243068)
SRR5898948_1	(1, 30.68442)	(2, 30.92825)	(3, 30.92975)	(4, 31.15645)	(5, 30.89263)	(6, 33.46965)	(7, 33.58183)	(8, 33.57775)	(9, 33.90228)	(10, 33.89244600000001)	(15, 33.81462799999999)	(20, 33.601592)	(25, 33.25195)	(30, 32.840301999999994)	(35, 32.43841697960006)	(40, 32.189943586743084)	(45, 32.06970236226455)	(50, 31.700253620880794)	(55, 31.45780930647166)	(60, 31.3853859108927)	(65, 30.997400891224324)	(70, 30.803117187323654)	(75, 30.512980816636947)	(80, 30.011264295634522)	(85, 29.737882679404446)	(90, 29.412255310702125)	(95, 28.987897467041932)	(100, 28.58807489186235)	(105, 27.74930303790082)	(110, 27.40124758370943)	(115, 27.027126224623885)	(120, 26.143046547458106)	(125, 26.19943126700735)	(130, 25.50663705123244)	(135, 25.20966510902676)	(140, 24.95883491413257)	(145, 24.496957653026648)	(150, 22.92818821067474)
SRR5898948_2	(1, 30.83226)	(2, 30.49951)	(3, 30.38506)	(4, 30.51587)	(5, 30.29794)	(6, 33.58148)	(7, 33.50869)	(8, 33.41252)	(9, 33.71321)	(10, 33.526828)	(15, 33.321606)	(20, 33.14202)	(25, 32.943118)	(30, 32.661454000000006)	(35, 32.45426219733139)	(40, 32.17189820956716)	(45, 32.019111569892694)	(50, 31.564796668747345)	(55, 31.227905463923623)	(60, 31.013500241919765)	(65, 30.879781316235796)	(70, 30.4233120737163)	(75, 30.320365038523782)	(80, 29.90737269417333)	(85, 29.630011482930684)	(90, 29.196341377392013)	(95, 28.81475785062375)	(100, 28.302254180306374)	(105, 27.964918301763344)	(110, 27.15291425073654)	(115, 26.506916267614137)	(120, 25.976104087648242)	(125, 25.460200593400355)	(130, 25.334044603662814)	(135, 24.94047116535243)	(140, 24.745497503978378)	(145, 24.346205180578384)	(150, 22.59356337101923)
SRR5898950_1	(1, 30.63456)	(2, 30.88355)	(3, 30.92174)	(4, 31.17772)	(5, 30.88434)	(6, 33.46522)	(7, 33.59576)	(8, 33.65828)	(9, 34.03968)	(10, 33.931101999999996)	(15, 33.83724600000001)	(20, 33.615328)	(25, 33.264726)	(30, 32.86369)	(35, 32.44169073149029)	(40, 32.15851472803253)	(45, 32.07462952635449)	(50, 31.726519434456947)	(55, 31.508835042343986)	(60, 31.36350906121275)	(65, 31.020362602819098)	(70, 30.79100305382741)	(75, 30.52708714610974)	(80, 29.998342522628228)	(85, 29.741683261980718)	(90, 29.386685597210214)	(95, 28.955977737308295)	(100, 28.401619929564816)	(105, 27.60429917327404)	(110, 27.121748734901082)	(115, 26.88779974741069)	(120, 26.074418768958196)	(125, 26.11988307161319)	(130, 25.489299592281604)	(135, 25.293049226510202)	(140, 25.0764480387619)	(145, 24.611712036252225)	(150, 22.945842105325283)
SRR5898950_2	(1, 30.7102)	(2, 30.27687)	(3, 30.20912)	(4, 30.37705)	(5, 30.07913)	(6, 33.33492)	(7, 33.32616)	(8, 33.17268)	(9, 33.56897)	(10, 33.324614)	(15, 33.073128000000004)	(20, 32.918528)	(25, 32.75661)	(30, 32.437506)	(35, 32.21326193716928)	(40, 31.929034958621138)	(45, 31.760148510094258)	(50, 31.36660875368757)	(55, 31.00320118873496)	(60, 30.790627956256145)	(65, 30.612843438547507)	(70, 30.23643945611254)	(75, 30.121743929995425)	(80, 29.707982204386127)	(85, 29.423197187949153)	(90, 29.05328759149624)	(95, 28.73138676137205)	(100, 28.159880402710257)	(105, 27.759923300719795)	(110, 26.964071881823266)	(115, 26.52385273327804)	(120, 25.90410103390436)	(125, 25.39969961845845)	(130, 25.253305504678426)	(135, 24.94768201025852)	(140, 24.771563291165716)	(145, 24.326344697986645)	(150, 22.56946685814987)
SRR5898954_1	(1, 30.70645)	(2, 30.95995)	(3, 30.99688)	(4, 31.21574)	(5, 30.97549)	(6, 33.58645)	(7, 33.66746)	(8, 33.71083)	(9, 34.06168)	(10, 34.01896000000001)	(15, 33.95978)	(20, 33.709122)	(25, 33.376518000000004)	(30, 32.994862)	(35, 32.615291357237695)	(40, 32.334502812293515)	(45, 32.26498854682211)	(50, 31.901159512486807)	(55, 31.687984019365683)	(60, 31.558910033451504)	(65, 31.201848866695308)	(70, 30.990088500926795)	(75, 30.706649037633763)	(80, 30.175548960095806)	(85, 29.92202391890391)	(90, 29.62600301586041)	(95, 29.15301436945855)	(100, 28.60683943955334)	(105, 27.77593161826631)	(110, 27.3500030932036)	(115, 27.06712430866134)	(120, 26.19519226611451)	(125, 26.284151242911957)	(130, 25.694929798588856)	(135, 25.425146713677073)	(140, 25.210498600269055)	(145, 24.74835496141278)	(150, 23.141818412897976)
SRR5898954_2	(1, 30.84099)	(2, 30.51949)	(3, 30.45175)	(4, 30.56712)	(5, 30.35997)	(6, 33.63722)	(7, 33.61179)	(8, 33.48633)	(9, 33.81665)	(10, 33.625085999999996)	(15, 33.42405)	(20, 33.266785999999996)	(25, 33.091758)	(30, 32.814428)	(35, 32.59831782464734)	(40, 32.324114993921896)	(45, 32.18803516203285)	(50, 31.748807970275134)	(55, 31.409114065394085)	(60, 31.191550326317515)	(65, 31.043664170967038)	(70, 30.647669620576075)	(75, 30.5470710568027)	(80, 30.127515028276754)	(85, 29.790601474993753)	(90, 29.40088920144236)	(95, 29.051419321668202)	(100, 28.48935416695739)	(105, 28.12132547504221)	(110, 27.24868815278265)	(115, 26.76167217896587)	(120, 26.16717896202136)	(125, 25.68536006199913)	(130, 25.530212059290285)	(135, 25.151484207091535)	(140, 24.990981884386162)	(145, 24.565923920223888)	(150, 22.69450951729118)
SRR5898966_1	(1, 30.67069)	(2, 30.96107)	(3, 31.00406)	(4, 31.21981)	(5, 31.03344)	(6, 33.73159)	(7, 33.8595)	(8, 33.90422)	(9, 34.2064)	(10, 34.166534)	(15, 34.077412)	(20, 33.87594)	(25, 33.572022000000004)	(30, 33.192966)	(35, 32.836184380828676)	(40, 32.58460654827095)	(45, 32.49564008425334)	(50, 32.115879025837636)	(55, 31.890137833517223)	(60, 31.8344320561485)	(65, 31.46608054479904)	(70, 31.265990897657424)	(75, 30.983808172282288)	(80, 30.46991497388317)	(85, 30.234773401393888)	(90, 29.902267538223747)	(95, 29.435812996173592)	(100, 29.136912468012177)	(105, 28.257775310091965)	(110, 27.881722895241403)	(115, 27.546218412325267)	(120, 26.679292871764385)	(125, 26.651328339974704)	(130, 25.992979914865067)	(135, 25.64372257252747)	(140, 25.374667878513982)	(145, 24.918363315434014)	(150, 23.268838665730783)
SRR5898966_2	(1, 30.87732)	(2, 30.49169)	(3, 30.37493)	(4, 30.52982)	(5, 30.26021)	(6, 33.58487)	(7, 33.59813)	(8, 33.49076)	(9, 33.8233)	(10, 33.634190000000004)	(15, 33.41001)	(20, 33.245872000000006)	(25, 33.084052)	(30, 32.816142)	(35, 32.60366916153394)	(40, 32.33765959068778)	(45, 32.21182713393398)	(50, 31.805962603943335)	(55, 31.462345332133204)	(60, 31.253127290642237)	(65, 31.132483789785784)	(70, 30.705358206270535)	(75, 30.590875291179735)	(80, 30.209461935109005)	(85, 29.934060996282113)	(90, 29.46441542318329)	(95, 29.14526493697798)	(100, 28.631459099762292)	(105, 28.29336457729047)	(110, 27.470937951159094)	(115, 26.88522360945705)	(120, 26.290369540276753)	(125, 25.817622749649466)	(130, 25.67006405381114)	(135, 25.289232192018776)	(140, 25.106870638735558)	(145, 24.69329209930297)	(150, 22.83918825234928)
SRR5898978_1	(1, 31.22692)	(2, 31.32268)	(3, 31.33937)	(4, 31.47476)	(5, 31.40941)	(6, 34.65654)	(7, 34.65286)	(8, 34.62307)	(9, 34.78265)	(10, 34.723876)	(15, 34.656152)	(20, 34.636582)	(25, 34.488839999999996)	(30, 34.346708)	(35, 34.274432664187245)	(40, 34.16713433285035)	(45, 34.01699839240162)	(50, 33.85040022618228)	(55, 33.624374680050565)	(60, 33.41757595218653)	(65, 33.19318086193597)	(70, 33.11407179072529)	(75, 32.913391132806844)	(80, 32.696595589205955)	(85, 32.5941127380663)	(90, 32.48999181732684)	(95, 32.286835292480966)	(100, 32.13854095554181)	(105, 31.973535190882103)	(110, 31.65890159370291)	(115, 31.420492960938418)	(120, 31.200895667904962)	(125, 30.929340883894035)	(130, 30.704502630110483)	(135, 30.171444430849213)	(140, 29.778895860083043)	(145, 29.414411792468133)	(150, 27.438111026188327)
SRR5898978_2	(1, 31.13802)	(2, 30.82094)	(3, 30.79098)	(4, 30.88695)	(5, 30.74144)	(6, 34.218)	(7, 34.13923)	(8, 34.11078)	(9, 34.32345)	(10, 34.225776)	(15, 34.10865199999999)	(20, 34.018704)	(25, 33.889828)	(30, 33.767622)	(35, 33.57208436575135)	(40, 33.42029506051736)	(45, 33.220814762977604)	(50, 32.99343436815637)	(55, 32.82167475427784)	(60, 32.664773150192076)	(65, 32.480026224303934)	(70, 32.31154113846185)	(75, 32.20311722711667)	(80, 31.94779144302253)	(85, 31.742377260002474)	(90, 31.42178233159759)	(95, 31.23294099619082)	(100, 30.97011469467724)	(105, 30.5151894721079)	(110, 29.876311857895256)	(115, 29.76658829425073)	(120, 28.96041636599968)	(125, 28.430827821182284)	(130, 28.063060373763857)	(135, 27.53794282947219)	(140, 27.094115280813288)	(145, 26.9013172710854)	(150, 24.541597543126663)
SRR5898979_1	(1, 30.72875)	(2, 31.0178)	(3, 31.06996)	(4, 31.25508)	(5, 31.08692)	(6, 33.8501)	(7, 33.92553)	(8, 33.96809)	(9, 34.30097)	(10, 34.270852)	(15, 34.230178)	(20, 33.992204)	(25, 33.707088)	(30, 33.328732)	(35, 32.959431055904545)	(40, 32.68204448584596)	(45, 32.60601846715814)	(50, 32.3051616938681)	(55, 32.135776449660064)	(60, 32.09972314583629)	(65, 31.65680940133003)	(70, 31.46477287683295)	(75, 31.207762854798375)	(80, 30.608541050421195)	(85, 30.489728151319845)	(90, 30.074996537299928)	(95, 29.589829097055713)	(100, 29.33934667168191)	(105, 28.34036354560889)	(110, 27.973055944128824)	(115, 27.54906856460188)	(120, 26.71090445821786)	(125, 26.88099677057816)	(130, 26.243905086296223)	(135, 25.921840045944503)	(140, 25.625511378142118)	(145, 25.238243926961292)	(150, 23.410327486896332)
SRR5898979_2	(1, 30.99064)	(2, 30.65344)	(3, 30.56249)	(4, 30.7206)	(5, 30.46339)	(6, 33.822)	(7, 33.79894)	(8, 33.71887)	(9, 34.07579)	(10, 33.850532)	(15, 33.65235)	(20, 33.487914)	(25, 33.33439800000001)	(30, 33.061834)	(35, 32.91606453507885)	(40, 32.64269405973502)	(45, 32.45223607374245)	(50, 32.0995741346886)	(55, 31.79230817402282)	(60, 31.580936290844647)	(65, 31.45087949174957)	(70, 31.10713624052583)	(75, 31.031098436555205)	(80, 30.63750307398964)	(85, 30.309253689146082)	(90, 29.832075731881083)	(95, 29.444249382709398)	(100, 29.107894801374137)	(105, 28.599446746548892)	(110, 27.767458404506623)	(115, 27.13826171082372)	(120, 26.689711086286376)	(125, 26.15929069081513)	(130, 26.18331900653275)	(135, 25.758407671714235)	(140, 25.57423709744661)	(145, 25.143973463711717)	(150, 23.053108353326095)
SRR5898980_1	(1, 30.63866)	(2, 30.93147)	(3, 30.94637)	(4, 31.185)	(5, 30.95454)	(6, 33.59618)	(7, 33.72677)	(8, 33.70739)	(9, 34.13308)	(10, 34.04547)	(15, 33.964398)	(20, 33.74709)	(25, 33.433569999999996)	(30, 33.025666)	(35, 32.63020396469919)	(40, 32.33589762760567)	(45, 32.26043562152336)	(50, 31.895463782738727)	(55, 31.685563981419175)	(60, 31.588677557679624)	(65, 31.231168091641116)	(70, 31.001325087221357)	(75, 30.726338555872758)	(80, 30.218695439697086)	(85, 29.960132269299454)	(90, 29.6329591968253)	(95, 29.188798673672114)	(100, 28.70803777680872)	(105, 27.823745716327778)	(110, 27.457652712511607)	(115, 27.13583051405036)	(120, 26.295841222154376)	(125, 26.3839286112675)	(130, 25.729563457107105)	(135, 25.48116669449663)	(140, 25.24289923256098)	(145, 24.781305259266812)	(150, 23.17864515879682)
SRR5898980_2	(1, 30.78475)	(2, 30.38961)	(3, 30.31487)	(4, 30.45493)	(5, 30.18529)	(6, 33.47937)	(7, 33.46484)	(8, 33.3135)	(9, 33.72851)	(10, 33.479969999999994)	(15, 33.253403999999996)	(20, 33.06814)	(25, 32.921746)	(30, 32.644031999999996)	(35, 32.43274987204143)	(40, 32.16012762974972)	(45, 31.972389898375962)	(50, 31.567371473028693)	(55, 31.2091156972975)	(60, 30.986909564478264)	(65, 30.856454006169827)	(70, 30.478624763239633)	(75, 30.3706939033009)	(80, 30.008246130148137)	(85, 29.61141443451258)	(90, 29.293610084787712)	(95, 28.97478859895809)	(100, 28.461875082744648)	(105, 28.081300262673892)	(110, 27.230124285738032)	(115, 26.732999595715775)	(120, 26.13494883268502)	(125, 25.639425199494628)	(130, 25.50329197885949)	(135, 25.160086635238734)	(140, 24.970402718573123)	(145, 24.545224160855177)	(150, 22.773620291904862)
SRR5898981_1	(1, 31.013)	(2, 31.06003)	(3, 31.1705)	(4, 31.34813)	(5, 31.24631)	(6, 34.36741)	(7, 34.38671)	(8, 34.3246)	(9, 34.52541)	(10, 34.481546)	(15, 34.39643)	(20, 34.345259999999996)	(25, 34.198488)	(30, 34.045282)	(35, 33.916111905787574)	(40, 33.80340206433442)	(45, 33.62876798970869)	(50, 33.386632471907646)	(55, 33.182818613860874)	(60, 32.98419524670519)	(65, 32.72097192598852)	(70, 32.576761408564764)	(75, 32.33259059587597)	(80, 32.140899873634886)	(85, 32.01157246766516)	(90, 31.91252173255624)	(95, 31.64831623965216)	(100, 31.544927852783168)	(105, 31.361744547165994)	(110, 31.02680647564808)	(115, 30.82732523958855)	(120, 30.52764318027788)	(125, 30.257876794990715)	(130, 30.057062053960966)	(135, 29.630465931752802)	(140, 29.27370916754426)	(145, 28.85908266984104)	(150, 27.161383206197804)
SRR5898981_2	(1, 30.87399)	(2, 30.47985)	(3, 30.45553)	(4, 30.60887)	(5, 30.38345)	(6, 33.77199)	(7, 33.69873)	(8, 33.61568)	(9, 33.87614)	(10, 33.781558)	(15, 33.615928)	(20, 33.49688)	(25, 33.381116)	(30, 33.200396)	(35, 32.98225957093441)	(40, 32.816742571101955)	(45, 32.55503307366013)	(50, 32.313740725423294)	(55, 32.13761316214429)	(60, 31.942068423682876)	(65, 31.679222760683945)	(70, 31.52346080514215)	(75, 31.34593402419451)	(80, 31.095069501825417)	(85, 30.907509116638323)	(90, 30.6057947833253)	(95, 30.412899312981796)	(100, 30.105602715198)	(105, 29.655032690993995)	(110, 29.126308810919262)	(115, 28.86780564144268)	(120, 28.24313625765246)	(125, 27.827641993524985)	(130, 27.339251777474214)	(135, 26.95357004294566)	(140, 26.477620484151686)	(145, 26.20076810452266)	(150, 24.15062140641009)
SRR5898982_1	(1, 31.08398)	(2, 31.16313)	(3, 31.21979)	(4, 31.40954)	(5, 31.30337)	(6, 34.51738)	(7, 34.5545)	(8, 34.43369)	(9, 34.71919)	(10, 34.622042)	(15, 34.54815)	(20, 34.503438)	(25, 34.349426)	(30, 34.207234)	(35, 34.1013483127291)	(40, 33.988432606354415)	(45, 33.82312978786107)	(50, 33.636228194371)	(55, 33.42296079770232)	(60, 33.274226543859676)	(65, 33.01734375119919)	(70, 32.86279414856693)	(75, 32.62828406561946)	(80, 32.42164748661128)	(85, 32.31131152952868)	(90, 32.21373405382949)	(95, 31.962811589351862)	(100, 31.867582899591962)	(105, 31.643277375780237)	(110, 31.39574319779168)	(115, 31.12235306723261)	(120, 30.892418352881457)	(125, 30.612753625950397)	(130, 30.415634758901984)	(135, 30.012201930459263)	(140, 29.61975834233823)	(145, 29.226696456585547)	(150, 27.450080451353763)
SRR5898982_2	(1, 30.99638)	(2, 30.57774)	(3, 30.54802)	(4, 30.69601)	(5, 30.50484)	(6, 33.96694)	(7, 33.86955)	(8, 33.80842)	(9, 34.05874)	(10, 33.975176000000005)	(15, 33.818098)	(20, 33.691254)	(25, 33.58478799999999)	(30, 33.444984)	(35, 33.239439299836164)	(40, 33.07515379094089)	(45, 32.84287147322037)	(50, 32.58553401283329)	(55, 32.43113899726422)	(60, 32.20118510901585)	(65, 31.986914092158106)	(70, 31.822018477783576)	(75, 31.632240665965696)	(80, 31.397342885987495)	(85, 31.195972070335635)	(90, 30.937769880936127)	(95, 30.705446782578587)	(100, 30.44490562732231)	(105, 29.987722777250944)	(110, 29.534184644563073)	(115, 29.1982903571974)	(120, 28.63770577910564)	(125, 28.239779383290077)	(130, 27.74564392195949)	(135, 27.27684710034357)	(140, 26.78805607201256)	(145, 26.50684454905369)	(150, 24.357060544704094)
SRR5898983_1	(1, 31.21773)	(2, 31.30118)	(3, 31.32858)	(4, 31.46493)	(5, 31.35148)	(6, 34.64932)	(7, 34.61769)	(8, 34.55066)	(9, 34.76286)	(10, 34.688378)	(15, 34.61171399999999)	(20, 34.58735)	(25, 34.436832)	(30, 34.301492)	(35, 34.21582315741519)	(40, 34.10206887421079)	(45, 33.95929878609147)	(50, 33.775414130307595)	(55, 33.54031668894753)	(60, 33.344065934352585)	(65, 33.121930677857655)	(70, 33.04474514602478)	(75, 32.80770090942769)	(80, 32.61535133935951)	(85, 32.53621976168744)	(90, 32.438211446257505)	(95, 32.24062741449768)	(100, 32.115474621064294)	(105, 31.94066848744605)	(110, 31.673184758467897)	(115, 31.446601465919052)	(120, 31.196905786655027)	(125, 30.941102375954227)	(130, 30.752262867413485)	(135, 30.246514959961008)	(140, 29.87158489305772)	(145, 29.507800333714084)	(150, 27.574043642962273)
SRR5898983_2	(1, 30.99437)	(2, 30.59052)	(3, 30.53318)	(4, 30.6851)	(5, 30.47472)	(6, 33.89401)	(7, 33.83995)	(8, 33.75806)	(9, 34.07925)	(10, 33.958426)	(15, 33.821583999999994)	(20, 33.719342)	(25, 33.5654)	(30, 33.427014)	(35, 33.22008470471276)	(40, 33.0706744604811)	(45, 32.83777539034239)	(50, 32.640514665692294)	(55, 32.46277049368864)	(60, 32.2932933275472)	(65, 32.110428937999764)	(70, 31.970438916736022)	(75, 31.86239564685328)	(80, 31.610651199608974)	(85, 31.413762954609787)	(90, 31.14266504214732)	(95, 30.972349448281058)	(100, 30.726208916421534)	(105, 30.308795329792105)	(110, 29.71501371379515)	(115, 29.642827335396383)	(120, 28.852396121047757)	(125, 28.34102104907592)	(130, 27.96340929826065)	(135, 27.460635101094944)	(140, 27.06946019650635)	(145, 26.867841243166858)	(150, 24.455383417710813)
SRR5898984_1	(1, 30.66317)	(2, 30.87328)	(3, 30.95305)	(4, 31.16698)	(5, 30.96919)	(6, 33.67101)	(7, 33.7457)	(8, 33.73679)	(9, 34.16819)	(10, 34.020404)	(15, 33.945546)	(20, 33.749489999999994)	(25, 33.398946)	(30, 32.938282)	(35, 32.518267822446134)	(40, 32.510823328549726)	(45, 32.47420791083018)	(50, 32.105603761512036)	(55, 31.885972906652093)	(60, 31.835748493226163)	(65, 31.48399271915971)	(70, 31.261609222292567)	(75, 30.982651633479378)	(80, 30.51503125644436)	(85, 30.281798870980122)	(90, 29.978469267623712)	(95, 29.506606663655994)	(100, 29.180101517145562)	(105, 28.330415546929384)	(110, 27.976217913586105)	(115, 27.64907289058247)	(120, 26.763417575412074)	(125, 26.819151866326404)	(130, 26.137501844391473)	(135, 25.798531186126006)	(140, 25.541741458589588)	(145, 25.08290160469698)	(150, 23.458503536009605)
SRR5898984_2	(1, 30.91722)	(2, 30.39111)	(3, 30.22901)	(4, 30.42163)	(5, 30.17745)	(6, 33.41307)	(7, 33.44928)	(8, 33.35976)	(9, 33.69583)	(10, 33.490816)	(15, 33.256658)	(20, 33.10759)	(25, 32.940348)	(30, 32.678748)	(35, 32.47497155170775)	(40, 32.19451883164239)	(45, 32.03368390193045)	(50, 31.63898980001465)	(55, 31.29295980401409)	(60, 31.097963886742058)	(65, 30.95352030740883)	(70, 30.56028072113248)	(75, 30.469796051931034)	(80, 30.103507174358707)	(85, 29.83160741863486)	(90, 29.38497258563178)	(95, 28.991750183643678)	(100, 28.538349684644885)	(105, 28.203216463087255)	(110, 27.39404444006002)	(115, 26.783457674291327)	(120, 26.231800261582276)	(125, 25.769316915563383)	(130, 25.602378475196964)	(135, 25.212556223313037)	(140, 25.00875753703304)	(145, 24.639611154930268)	(150, 22.806055035847585)
SRR5898985_1	(1, 31.19177)	(2, 31.27778)	(3, 31.31448)	(4, 31.45255)	(5, 31.40681)	(6, 34.54989)	(7, 34.56246)	(8, 34.49059)	(9, 34.70053)	(10, 34.655058)	(15, 34.588534)	(20, 34.574884)	(25, 34.42183)	(30, 34.283232)	(35, 34.18639614310164)	(40, 34.065920421564556)	(45, 33.91105175468905)	(50, 33.72480204015825)	(55, 33.505308642243556)	(60, 33.260682498603)	(65, 33.030344351502436)	(70, 32.90272654098843)	(75, 32.64670177030922)	(80, 32.42823080712105)	(85, 32.31018222719031)	(90, 32.211327988128176)	(95, 31.953231354423878)	(100, 31.835669502425183)	(105, 31.60167787331192)	(110, 31.309734335280744)	(115, 31.008808689871255)	(120, 30.727458058638227)	(125, 30.37995853684792)	(130, 30.160342874044353)	(135, 29.649035029034234)	(140, 29.25988799663952)	(145, 28.8773049309933)	(150, 26.833351161895372)
SRR5898985_2	(1, 31.15932)	(2, 30.87103)	(3, 30.84403)	(4, 30.92973)	(5, 30.79258)	(6, 34.26859)	(7, 34.17755)	(8, 34.12306)	(9, 34.33835)	(10, 34.232082)	(15, 34.133606)	(20, 34.032903999999995)	(25, 33.912042)	(30, 33.793868)	(35, 33.609009504122376)	(40, 33.43974892809855)	(45, 33.203300278029175)	(50, 32.98458838100139)	(55, 32.80847103836509)	(60, 32.640186398321475)	(65, 32.41087980682332)	(70, 32.24279144684075)	(75, 32.10531549472381)	(80, 31.811427817949784)	(85, 31.559701686661647)	(90, 31.265882214848478)	(95, 31.065608915030396)	(100, 30.776952688828352)	(105, 30.267493553570922)	(110, 29.651463457004365)	(115, 29.484279611293864)	(120, 28.701603108173412)	(125, 28.102653800670833)	(130, 27.686350394459954)	(135, 27.16563937408688)	(140, 26.732087293868744)	(145, 26.528888832694054)	(150, 24.048955883915234)
SRR5898986_1	(1, 30.71528)	(2, 31.0153)	(3, 31.05869)	(4, 31.28237)	(5, 31.07179)	(6, 33.80881)	(7, 33.91757)	(8, 33.94535)	(9, 34.28571)	(10, 34.25553599999999)	(15, 34.194608)	(20, 33.984136)	(25, 33.68073400000001)	(30, 33.325264)	(35, 32.98460884997384)	(40, 32.71131667487377)	(45, 32.58447100029648)	(50, 32.295040390931874)	(55, 32.09807309311932)	(60, 32.033444185905)	(65, 31.646440517625756)	(70, 31.458000277875932)	(75, 31.176445732652336)	(80, 30.622128399523433)	(85, 30.49263082436381)	(90, 30.096505093884087)	(95, 29.58494647858152)	(100, 29.336246820048267)	(105, 28.346933486081504)	(110, 27.987057782048783)	(115, 27.566229521297288)	(120, 26.714374567200984)	(125, 26.857982103522097)	(130, 26.17609182613151)	(135, 25.787432727849374)	(140, 25.52439008737331)	(145, 25.06482275175511)	(150, 23.37616196383624)
SRR5898986_2	(1, 30.99304)	(2, 30.67605)	(3, 30.58754)	(4, 30.74531)	(5, 30.49807)	(6, 33.86344)	(7, 33.85445)	(8, 33.77013)	(9, 34.06591)	(10, 33.890312)	(15, 33.703272)	(20, 33.556352)	(25, 33.390496)	(30, 33.133228)	(35, 32.96669972215252)	(40, 32.70760806027137)	(45, 32.51982946431825)	(50, 32.165140081524875)	(55, 31.819513992567504)	(60, 31.601554538705237)	(65, 31.495689582178763)	(70, 31.109688207305005)	(75, 31.00524403951772)	(80, 30.619951653960026)	(85, 30.2882320612458)	(90, 29.82397942857553)	(95, 29.468191645727313)	(100, 29.097346099264247)	(105, 28.576804070989624)	(110, 27.758833419661904)	(115, 27.08134300402272)	(120, 26.53039622234119)	(125, 26.08860362194101)	(130, 26.051788360130082)	(135, 25.600023804079427)	(140, 25.37437473796649)	(145, 24.962966141161623)	(150, 22.934480396804048)
SRR5898987_1	(1, 31.13703)	(2, 31.22266)	(3, 31.25321)	(4, 31.40884)	(5, 31.30064)	(6, 34.50181)	(7, 34.53732)	(8, 34.44278)	(9, 34.70284)	(10, 34.601172000000005)	(15, 34.518637999999996)	(20, 34.480807999999996)	(25, 34.303053999999996)	(30, 34.144135999999996)	(35, 34.048504210344596)	(40, 33.945989349110214)	(45, 33.78478050204785)	(50, 33.556931019583146)	(55, 33.349314584981)	(60, 33.16133908335244)	(65, 32.8868531415526)	(70, 32.76181516611904)	(75, 32.515960514203854)	(80, 32.31239871444968)	(85, 32.225876566084764)	(90, 32.129860539958074)	(95, 31.881073873912687)	(100, 31.778123339025342)	(105, 31.588816215112253)	(110, 31.276810042660465)	(115, 31.064267257665215)	(120, 30.784079145110773)	(125, 30.51985835513842)	(130, 30.339785677882425)	(135, 29.874634552253944)	(140, 29.53314765641961)	(145, 29.089988391505216)	(150, 27.335085907176683)
SRR5898987_2	(1, 31.00939)	(2, 30.58511)	(3, 30.56272)	(4, 30.70935)	(5, 30.50773)	(6, 33.94257)	(7, 33.90182)	(8, 33.80033)	(9, 34.09248)	(10, 33.96175)	(15, 33.818864)	(20, 33.691948000000004)	(25, 33.561932)	(30, 33.425752)	(35, 33.22442727929338)	(40, 33.02886603818549)	(45, 32.82833408945294)	(50, 32.56039882770348)	(55, 32.40531518430563)	(60, 32.22893865149556)	(65, 31.965793160421043)	(70, 31.831465277302147)	(75, 31.65765432799114)	(80, 31.401027634026093)	(85, 31.207541250047985)	(90, 30.93635259838299)	(95, 30.737170536238512)	(100, 30.48354146075971)	(105, 30.04434887173415)	(110, 29.50742419236237)	(115, 29.30886555797408)	(120, 28.61552530174135)	(125, 28.170764554113084)	(130, 27.710265153303133)	(135, 27.273070764716397)	(140, 26.874595060059686)	(145, 26.53756752923503)	(150, 24.28417482601092)
SRR5899005_1	(1, 31.20943)	(2, 31.31615)	(3, 31.35398)	(4, 31.48123)	(5, 31.42396)	(6, 34.6993)	(7, 34.6815)	(8, 34.62547)	(9, 34.81223)	(10, 34.773182)	(15, 34.73249)	(20, 34.661388)	(25, 34.467514)	(30, 34.33345614525691)	(35, 34.18648089123235)	(40, 34.09248720384257)	(45, 34.01236644993931)	(50, 33.85200294506264)	(55, 33.57097062655002)	(60, 33.39829054686976)	(65, 33.267835837224915)	(70, 32.871192944361)	(75, 32.711543378642084)	(80, 32.443089047512736)	(85, 32.31281573685702)	(90, 32.1193592699158)	(95, 31.920963366433483)	(100, 31.593308810519773)	(105, 31.3518552376819)	(110, 31.095196779757543)	(115, 30.731040547928075)	(120, 30.45634587174002)	(125, 30.04916037222216)	(130, 29.85808241688462)	(135, 29.410178931277027)	(140, 28.730580143586888)	(145, 28.46363925746955)	(150, 26.522416462851638)
SRR5899005_2	(1, 31.09522)	(2, 30.61812)	(3, 30.63767)	(4, 30.6829)	(5, 30.55378)	(6, 34.08128)	(7, 33.98749)	(8, 33.95099)	(9, 34.16804)	(10, 33.986922)	(15, 33.879962)	(20, 33.72244400000001)	(25, 33.59178)	(30, 33.35403032613201)	(35, 33.12881023323768)	(40, 32.897597369629274)	(45, 32.656170123742214)	(50, 32.49882123264761)	(55, 32.24951944506826)	(60, 32.02315532216618)	(65, 31.84088725278243)	(70, 31.55423142481619)	(75, 31.290342375126375)	(80, 31.029254082774003)	(85, 30.689925225607716)	(90, 30.13411652133892)	(95, 29.786978190711256)	(100, 29.17353336266978)	(105, 28.379468032833607)	(110, 27.817765024793054)	(115, 27.22349888501342)	(120, 26.667679065815122)	(125, 26.23229888884711)	(130, 25.92025127498142)	(135, 25.50038994739934)	(140, 25.077929007405828)	(145, 24.631553742560463)	(150, 22.212233829536483)
SRR5899006_1	(1, 31.20745)	(2, 31.25103)	(3, 31.28684)	(4, 31.40528)	(5, 31.32713)	(6, 34.55425)	(7, 34.57107)	(8, 34.47279)	(9, 34.78696)	(10, 34.697752)	(15, 34.626228000000005)	(20, 34.541426)	(25, 34.376158000000004)	(30, 34.21921190866268)	(35, 34.08533788014769)	(40, 33.961366518822125)	(45, 33.89605681251954)	(50, 33.730865402545895)	(55, 33.39925517949156)	(60, 33.28157947211313)	(65, 33.17708683337766)	(70, 32.75450941980369)	(75, 32.581694041793504)	(80, 32.32437193122668)	(85, 32.20874347247496)	(90, 32.018508109160166)	(95, 31.828251537442974)	(100, 31.46976166939192)	(105, 31.24410882156908)	(110, 31.019105937260587)	(115, 30.61213283150726)	(120, 30.345875273611767)	(125, 29.892984313760543)	(130, 29.633928830744914)	(135, 29.223845844857237)	(140, 28.443652830832047)	(145, 28.16208256587523)	(150, 26.050178644136665)
SRR5899006_2	(1, 31.03676)	(2, 30.59965)	(3, 30.62865)	(4, 30.61416)	(5, 30.50832)	(6, 34.03988)	(7, 33.89725)	(8, 33.87934)	(9, 34.09684)	(10, 33.936402)	(15, 33.819126000000004)	(20, 33.655862)	(25, 33.52309)	(30, 33.25237358239776)	(35, 33.02860315654857)	(40, 32.78682873745909)	(45, 32.58442729339144)	(50, 32.38248321383209)	(55, 32.1750868748581)	(60, 31.9360509412838)	(65, 31.740226334845005)	(70, 31.448772395943973)	(75, 31.183118552003737)	(80, 30.955371023404318)	(85, 30.599901888962904)	(90, 29.951205929926903)	(95, 29.5701516106661)	(100, 28.934974126006477)	(105, 27.99933868879983)	(110, 27.473855490279647)	(115, 26.920053192213366)	(120, 26.477205967018232)	(125, 25.967782278803174)	(130, 25.77919626015958)	(135, 25.42941840063668)	(140, 25.01394067341549)	(145, 24.558148453602506)	(150, 21.972479849643975)
SRR5899007_1	(1, 31.14564)	(2, 31.22339)	(3, 31.29094)	(4, 31.42876)	(5, 31.35313)	(6, 34.59056)	(7, 34.58593)	(8, 34.50662)	(9, 34.76142)	(10, 34.701436)	(15, 34.657082)	(20, 34.567156)	(25, 34.383551999999995)	(30, 34.23665155331244)	(35, 34.07758251816539)	(40, 33.97836791641528)	(45, 33.915261644577384)	(50, 33.71717252763544)	(55, 33.436485107783255)	(60, 33.28304401128159)	(65, 33.15321198813265)	(70, 32.75115260192186)	(75, 32.57886475515742)	(80, 32.316595461490884)	(85, 32.16281146196236)	(90, 32.00675135046574)	(95, 31.79273457300788)	(100, 31.41050465321681)	(105, 31.19899562340607)	(110, 30.907308969340143)	(115, 30.59455626779995)	(120, 30.301817083676156)	(125, 29.858804029796676)	(130, 29.695238188746337)	(135, 29.269344545124433)	(140, 28.589880773402893)	(145, 28.305607311852945)	(150, 26.355883482163524)
SRR5899007_2	(1, 31.0156)	(2, 30.4552)	(3, 30.47716)	(4, 30.54226)	(5, 30.37392)	(6, 33.86053)	(7, 33.77791)	(8, 33.74941)	(9, 33.96103)	(10, 33.790734)	(15, 33.679642)	(20, 33.514472)	(25, 33.389054)	(30, 33.15186398195316)	(35, 32.90613480145813)	(40, 32.663094708752695)	(45, 32.40851781437918)	(50, 32.27709053662373)	(55, 32.019568252180946)	(60, 31.77515628591292)	(65, 31.585592400246743)	(70, 31.314768843926835)	(75, 31.070155458386143)	(80, 30.782011722614573)	(85, 30.458196936061576)	(90, 29.904424730645275)	(95, 29.520093343719026)	(100, 28.921559258919252)	(105, 28.111936612006566)	(110, 27.55407187857786)	(115, 26.985887688517188)	(120, 26.47028835862768)	(125, 25.95714412782546)	(130, 25.689445190305445)	(135, 25.284617785485743)	(140, 24.86856699810707)	(145, 24.379650249208417)	(150, 22.03132538847148)
SRR5899017_1	(1, 30.50497)	(2, 30.64734)	(3, 30.66063)	(4, 30.87923)	(5, 30.59866)	(6, 32.95282)	(7, 33.06299)	(8, 33.04233)	(9, 33.50466)	(10, 33.371660000000006)	(15, 33.276422)	(20, 33.01316200000001)	(25, 32.597044)	(30, 32.026856)	(35, 31.531609168378235)	(40, 31.401388375958902)	(45, 31.32386344079373)	(50, 30.958415543841028)	(55, 30.734115477609485)	(60, 30.57637184685288)	(65, 30.204853417123417)	(70, 30.002633447496073)	(75, 29.735874573301736)	(80, 29.226052812598844)	(85, 28.904643869938514)	(90, 28.651723541022484)	(95, 28.125062127601666)	(100, 27.70236150682742)	(105, 26.853241520420987)	(110, 26.424117086307536)	(115, 26.189527388665375)	(120, 25.39364253927267)	(125, 25.47373368079554)	(130, 24.95754829524296)	(135, 24.829581580593636)	(140, 24.61262633994314)	(145, 24.205608106814076)	(150, 22.705426015788838)
SRR5899017_2	(1, 30.51778)	(2, 30.00147)	(3, 29.90557)	(4, 30.10071)	(5, 29.74496)	(6, 32.91115)	(7, 32.92916)	(8, 32.78249)	(9, 33.19111)	(10, 32.93362)	(15, 32.701128)	(20, 32.508711999999996)	(25, 32.312998)	(30, 31.981236000000003)	(35, 31.718696969683386)	(40, 31.441297771187998)	(45, 31.259341013152607)	(50, 30.830890528462458)	(55, 30.454543464148493)	(60, 30.224530186982953)	(65, 29.99547870191738)	(70, 29.651773214176234)	(75, 29.543025939247435)	(80, 29.126126560465075)	(85, 28.85770434560723)	(90, 28.444132579483977)	(95, 28.097894239971225)	(100, 27.57498043340744)	(105, 27.15199501393393)	(110, 26.345595810649577)	(115, 25.933200759099076)	(120, 25.33652452616009)	(125, 24.860384891246838)	(130, 24.792443095738662)	(135, 24.442869719580727)	(140, 24.29639457542762)	(145, 23.906349104374762)	(150, 22.1952410379435)
SRR8865572_1	(1, 31.18705)	(2, 31.36338)	(3, 31.57699)	(4, 31.74436)	(5, 31.66491)	(6, 35.29891)	(7, 35.38176)	(8, 35.27024)	(9, 35.48699)	(10, 35.42101)	(15, 35.399118)	(20, 35.399002)	(25, 35.348310000000005)	(30, 35.281515999999996)	(35, 35.254875999999996)	(40, 35.198886)	(45, 35.129756)	(50, 35.073028)	(55, 34.977196000000006)	(60, 34.87167149192847)	(65, 34.68247255484798)	(70, 34.52051051996726)	(75, 34.33418255072033)	(80, 34.18565634487233)	(85, 34.06072394622145)	(90, 33.96956981534211)	(95, 33.817811782959666)	(100, 33.69648636005929)	(105, 33.46216580072292)	(110, 33.29445526891643)	(115, 33.132129339038805)	(120, 32.93251970029118)	(125, 32.447851980425796)	(130, 31.98920024544602)	(135, 31.628470239609022)	(140, 31.079816945473716)	(145, 30.495456771211884)	(150, 28.366160275786502)
SRR8865572_2	(1, 31.69775)	(2, 31.54108)	(3, 31.52383)	(4, 31.58923)	(5, 31.4895)	(6, 35.16397)	(7, 35.17416)	(8, 35.10538)	(9, 35.29249)	(10, 35.232867999999996)	(15, 35.15633)	(20, 35.105744)	(25, 35.05479)	(30, 35.00067)	(35, 34.980544)	(40, 34.898962)	(45, 34.843258000000006)	(50, 34.773557999999994)	(55, 34.614408000000005)	(60, 34.477461138063724)	(65, 34.34286358860007)	(70, 34.148679101103916)	(75, 34.001925401946174)	(80, 33.90482510873867)	(85, 33.79601396933459)	(90, 33.64910314078837)	(95, 33.49500197869612)	(100, 33.31341597391024)	(105, 33.038979920281875)	(110, 32.66073638426408)	(115, 32.41373345967152)	(120, 31.99375659669846)	(125, 31.53050725373948)	(130, 31.286901995033038)	(135, 30.567725094794696)	(140, 30.057956112706897)	(145, 29.644917190715717)	(150, 27.167867252908128)
SRR8865573_1	(1, 31.2886)	(2, 31.50988)	(3, 31.66054)	(4, 31.77036)	(5, 31.71261)	(6, 35.42682)	(7, 35.45044)	(8, 35.37313)	(9, 35.54206)	(10, 35.50846)	(15, 35.465042)	(20, 35.449902)	(25, 35.412382)	(30, 35.351034000000006)	(35, 35.301012)	(40, 35.256256)	(45, 35.204506)	(50, 35.140742)	(55, 35.050278)	(60, 34.964306096441746)	(65, 34.779389357953974)	(70, 34.63127336841431)	(75, 34.43266453011696)	(80, 34.30865356173703)	(85, 34.20394756950285)	(90, 34.10196544078436)	(95, 33.93974097352873)	(100, 33.83051544550896)	(105, 33.592255810503595)	(110, 33.45077762755162)	(115, 33.27083801796253)	(120, 33.114073799488864)	(125, 32.6128437794005)	(130, 32.164319854728966)	(135, 31.788403208250504)	(140, 31.244498239548328)	(145, 30.661179838669387)	(150, 28.521751722136322)
SRR8865573_2	(1, 31.65841)	(2, 31.47467)	(3, 31.44777)	(4, 31.54078)	(5, 31.41597)	(6, 35.07551)	(7, 35.12227)	(8, 34.98783)	(9, 35.25186)	(10, 35.161846000000004)	(15, 35.067296)	(20, 35.03415199999999)	(25, 34.985684000000006)	(30, 34.915302000000004)	(35, 34.900225999999996)	(40, 34.819512)	(45, 34.767708000000006)	(50, 34.68527399999999)	(55, 34.54372)	(60, 34.387214631464204)	(65, 34.24505447790155)	(70, 34.059186418219596)	(75, 33.92485056866714)	(80, 33.82993503754241)	(85, 33.71023427013001)	(90, 33.5620058868193)	(95, 33.437926052646766)	(100, 33.22267539822522)	(105, 33.0021896894264)	(110, 32.61157177899152)	(115, 32.36979610952393)	(120, 31.953164811462205)	(125, 31.48306373791444)	(130, 31.220159145381256)	(135, 30.519456664584908)	(140, 30.02578311077828)	(145, 29.66298666097004)	(150, 27.139811796205514)
SRR8865574_1	(1, 30.94841)	(2, 30.99615)	(3, 31.42379)	(4, 31.64338)	(5, 31.60193)	(6, 35.15402)	(7, 35.22795)	(8, 35.12868)	(9, 35.34976)	(10, 35.265726)	(15, 35.244812)	(20, 35.268428)	(25, 35.220124)	(30, 35.135692)	(35, 35.089094)	(40, 35.026126000000005)	(45, 34.960824)	(50, 34.900316)	(55, 34.783988)	(60, 34.63244983831795)	(65, 34.40068358913659)	(70, 34.205674359974225)	(75, 33.95784208879874)	(80, 33.7602710553777)	(85, 33.61356728938767)	(90, 33.47186658911512)	(95, 33.27548475665493)	(100, 33.10234380960492)	(105, 32.857988636105674)	(110, 32.615430824609795)	(115, 32.43482276673798)	(120, 32.161634605354195)	(125, 31.655217248008604)	(130, 31.253008711462847)	(135, 30.69857691772255)	(140, 30.17091620184168)	(145, 29.51252390439057)	(150, 27.298410652058248)
SRR8865574_2	(1, 31.6828)	(2, 31.565)	(3, 31.48169)	(4, 31.56159)	(5, 31.4753)	(6, 35.05628)	(7, 35.07324)	(8, 34.98566)	(9, 35.18926)	(10, 35.084778)	(15, 34.996204)	(20, 34.95603)	(25, 34.887972000000005)	(30, 34.830436)	(35, 34.774502)	(40, 34.68367)	(45, 34.614942)	(50, 34.502204)	(55, 34.335964000000004)	(60, 34.12911268617534)	(65, 33.950471807598014)	(70, 33.68844436932203)	(75, 33.511729357919414)	(80, 33.37789363006685)	(85, 33.23420516912675)	(90, 33.03979209123452)	(95, 32.83759348573637)	(100, 32.58304203481606)	(105, 32.302177333915374)	(110, 31.845802836284143)	(115, 31.546196382664697)	(120, 31.076687366207683)	(125, 30.59711362531234)	(130, 30.28583266317738)	(135, 29.610681078058825)	(140, 29.06458565209237)	(145, 28.63122272089361)	(150, 25.60965711559389)
SRR8865575_1	(1, 31.12135)	(2, 31.36904)	(3, 31.59398)	(4, 31.73773)	(5, 31.67781)	(6, 35.31033)	(7, 35.39039)	(8, 35.28751)	(9, 35.49358)	(10, 35.455136)	(15, 35.415898000000006)	(20, 35.406562)	(25, 35.361616)	(30, 35.296154)	(35, 35.258834)	(40, 35.198756)	(45, 35.123116)	(50, 35.061666)	(55, 34.97855)	(60, 34.867151671858565)	(65, 34.68444053093965)	(70, 34.52522314953795)	(75, 34.34042642554688)	(80, 34.188253010634675)	(85, 34.07719948102422)	(90, 33.97754670166356)	(95, 33.82105492848409)	(100, 33.70570127841488)	(105, 33.47258812427914)	(110, 33.28790522813567)	(115, 33.123674367720085)	(120, 32.9687803925389)	(125, 32.48676067494936)	(130, 32.031033890448775)	(135, 31.641174514984023)	(140, 31.10647087852552)	(145, 30.520345974626757)	(150, 28.393697864772992)
SRR8865575_2	(1, 31.70451)	(2, 31.5734)	(3, 31.52319)	(4, 31.59857)	(5, 31.51096)	(6, 35.19514)	(7, 35.21441)	(8, 35.1415)	(9, 35.32107)	(10, 35.25319)	(15, 35.179266)	(20, 35.136676)	(25, 35.085124)	(30, 35.031536)	(35, 35.00893)	(40, 34.934138)	(45, 34.88187)	(50, 34.811465999999996)	(55, 34.652448)	(60, 34.492392110215874)	(65, 34.35392243021933)	(70, 34.148777236779914)	(75, 34.039834393241584)	(80, 33.91085729638305)	(85, 33.80712266757189)	(90, 33.646761268425074)	(95, 33.50505590542334)	(100, 33.286575059995464)	(105, 33.046114654167624)	(110, 32.63136398882196)	(115, 32.36349340544262)	(120, 31.943072070995747)	(125, 31.485206170535616)	(130, 31.261324184543344)	(135, 30.481783026846124)	(140, 30.024076419568452)	(145, 29.66016931445451)	(150, 26.99562425176007)
SRR8865576_1	(1, 31.25669)	(2, 31.49858)	(3, 31.66047)	(4, 31.77117)	(5, 31.73721)	(6, 35.39148)	(7, 35.45186)	(8, 35.37822)	(9, 35.52484)	(10, 35.498092)	(15, 35.469668)	(20, 35.466328)	(25, 35.431796)	(30, 35.36761800000001)	(35, 35.330592)	(40, 35.286021999999996)	(45, 35.226848000000004)	(50, 35.168071999999995)	(55, 35.08661600000001)	(60, 35.00105348319978)	(65, 34.82325586006001)	(70, 34.6753104609745)	(75, 34.4985597908153)	(80, 34.36469588848119)	(85, 34.25089393139191)	(90, 34.15513075336453)	(95, 34.002600870779155)	(100, 33.87987962955649)	(105, 33.646665409851195)	(110, 33.48538106177255)	(115, 33.33947338627708)	(120, 33.17424427626794)	(125, 32.68544493102357)	(130, 32.22317907407622)	(135, 31.850176158615216)	(140, 31.338155688320164)	(145, 30.772717302677222)	(150, 28.63285410888939)
SRR8865576_2	(1, 31.70977)	(2, 31.57361)	(3, 31.53662)	(4, 31.61294)	(5, 31.55777)	(6, 35.22582)	(7, 35.23774)	(8, 35.16287)	(9, 35.33449)	(10, 35.269644)	(15, 35.203238)	(20, 35.164236)	(25, 35.124238000000005)	(30, 35.076066000000004)	(35, 35.04935400000001)	(40, 34.976428)	(45, 34.938545999999995)	(50, 34.865480000000005)	(55, 34.723978)	(60, 34.580451574674704)	(65, 34.463846959822476)	(70, 34.26891451323539)	(75, 34.130285918804454)	(80, 34.04133429692668)	(85, 33.954877155866484)	(90, 33.795521655134955)	(95, 33.662839352654565)	(100, 33.470107354291834)	(105, 33.22524559727993)	(110, 32.838308827771776)	(115, 32.580174856869505)	(120, 32.205347121633466)	(125, 31.7197314778443)	(130, 31.516168349549197)	(135, 30.797157088484305)	(140, 30.315748116883736)	(145, 29.95784460964782)	(150, 27.420446868093563)
SRR8865577_1	(1, 31.58009)	(2, 31.76551)	(3, 31.78837)	(4, 31.85078)	(5, 31.80697)	(6, 35.48572)	(7, 35.51093)	(8, 35.47772)	(9, 35.60678)	(10, 35.581436000000004)	(15, 35.516130000000004)	(20, 35.481574)	(25, 35.372294)	(30, 35.236474)	(35, 35.07384799999999)	(40, 35.015598)	(45, 34.983155999999994)	(50, 34.795258)	(55, 34.530788)	(60, 34.28239361774147)	(65, 33.92167047097773)	(70, 33.55913987512403)	(75, 33.31810651746655)	(80, 32.96072066739269)	(85, 32.66597303225417)	(90, 32.24730889269303)	(95, 31.892798267994372)	(100, 31.35816755285673)	(105, 30.52532057550952)	(110, 29.725657907856807)	(115, 29.286933412137955)	(120, 28.506944181019826)	(125, 27.855771398642595)	(130, 27.103278576721532)	(135, 26.421392916177382)	(140, 25.82521122602203)	(145, 25.04122907263949)	(150, 22.972427851819656)
SRR8865577_2	(1, 31.83177)	(2, 31.68226)	(3, 31.66848)	(4, 31.7128)	(5, 31.63968)	(6, 35.38108)	(7, 35.39777)	(8, 35.31988)	(9, 35.51849)	(10, 35.419278000000006)	(15, 35.330142)	(20, 35.23548)	(25, 35.128606000000005)	(30, 35.010284)	(35, 34.85545)	(40, 34.72772400000001)	(45, 34.576725999999994)	(50, 34.301624)	(55, 34.013276000000005)	(60, 33.6884421756011)	(65, 33.36558697234894)	(70, 32.942357901678534)	(75, 32.59850824413793)	(80, 31.977266041106475)	(85, 31.739650883964508)	(90, 31.11244696475506)	(95, 30.759790620950042)	(100, 30.052247715883407)	(105, 29.37432426808487)	(110, 28.458049255545337)	(115, 27.77972575090252)	(120, 26.896151461859176)	(125, 26.18707706205965)	(130, 25.122569134797647)	(135, 24.429155482241196)	(140, 23.736341406855587)	(145, 23.252845224597557)	(150, 21.296849437418803)
SRR8865578_1	(1, 31.33679)	(2, 31.53066)	(3, 31.63281)	(4, 31.76365)	(5, 31.70983)	(6, 35.38471)	(7, 35.44515)	(8, 35.37804)	(9, 35.54427)	(10, 35.49507200000001)	(15, 35.459196)	(20, 35.448534)	(25, 35.404596000000005)	(30, 35.342908)	(35, 35.3163)	(40, 35.243936000000005)	(45, 35.189292)	(50, 35.128402)	(55, 35.033176000000005)	(60, 34.933533335110596)	(65, 34.76347456254321)	(70, 34.63270199090725)	(75, 34.423184009784855)	(80, 34.281953131188196)	(85, 34.176271586161725)	(90, 34.08622994733057)	(95, 33.94087873131227)	(100, 33.81402949642815)	(105, 33.61037896520272)	(110, 33.43461737576953)	(115, 33.27560332943934)	(120, 33.07719305048247)	(125, 32.62601062086294)	(130, 32.230417902470556)	(135, 31.773659944893843)	(140, 31.24784149394402)	(145, 30.637612972862012)	(150, 28.424021466417486)
SRR8865578_2	(1, 31.6934)	(2, 31.51064)	(3, 31.46268)	(4, 31.56688)	(5, 31.44881)	(6, 35.12599)	(7, 35.17193)	(8, 35.06742)	(9, 35.2772)	(10, 35.198882)	(15, 35.10535)	(20, 35.065552)	(25, 35.017882)	(30, 34.967026000000004)	(35, 34.944888)	(40, 34.85589)	(45, 34.80078999999999)	(50, 34.720996)	(55, 34.584888)	(60, 34.42839888097406)	(65, 34.30167657606199)	(70, 34.10330831438161)	(75, 33.96363621492258)	(80, 33.85852870270399)	(85, 33.76750008730814)	(90, 33.61978927206277)	(95, 33.49326758439364)	(100, 33.28170072688761)	(105, 33.06068162026698)	(110, 32.67176759838321)	(115, 32.42877598530073)	(120, 32.01834196208235)	(125, 31.6045606712574)	(130, 31.30383997517992)	(135, 30.629812228975744)	(140, 30.11093719556206)	(145, 29.678613878815202)	(150, 27.11363995323108)
SRR8865579_1	(1, 31.18568)	(2, 31.37521)	(3, 31.58877)	(4, 31.75034)	(5, 31.68322)	(6, 35.32709)	(7, 35.40194)	(8, 35.3134)	(9, 35.46677)	(10, 35.448414)	(15, 35.401886000000005)	(20, 35.392748)	(25, 35.344826000000005)	(30, 35.264268)	(35, 35.210736000000004)	(40, 35.176297999999996)	(45, 35.124039999999994)	(50, 35.0726)	(55, 34.985334)	(60, 34.872485098412845)	(65, 34.67755981285573)	(70, 34.53633637831682)	(75, 34.31072728218113)	(80, 34.16716806625708)	(85, 34.04557713927287)	(90, 33.938278478573004)	(95, 33.78734724646347)	(100, 33.640337834571824)	(105, 33.42132858327891)	(110, 33.22351820000096)	(115, 33.055023364422766)	(120, 32.87650904412957)	(125, 32.37706804367728)	(130, 31.98108779938331)	(135, 31.489875241408043)	(140, 30.953127497113837)	(145, 30.380357311391684)	(150, 28.248454582202555)
SRR8865579_2	(1, 31.67993)	(2, 31.5114)	(3, 31.48864)	(4, 31.57759)	(5, 31.47139)	(6, 35.13253)	(7, 35.16301)	(8, 35.06822)	(9, 35.27579)	(10, 35.211074)	(15, 35.127348)	(20, 35.083104)	(25, 35.027372)	(30, 34.979826)	(35, 34.945859999999996)	(40, 34.867828)	(45, 34.799338000000006)	(50, 34.732528)	(55, 34.585786)	(60, 34.4163719081487)	(65, 34.29133823545682)	(70, 34.09607025319728)	(75, 33.94724617067833)	(80, 33.84221512868165)	(85, 33.73878107910578)	(90, 33.58402451821357)	(95, 33.43919810427168)	(100, 33.2392069040978)	(105, 32.992876380197856)	(110, 32.591098538471314)	(115, 32.356651148642285)	(120, 31.943137062003398)	(125, 31.510140079381443)	(130, 31.179809893119103)	(135, 30.519628811507165)	(140, 30.024875305417787)	(145, 29.59542145341382)	(150, 27.010403524691405)
SRR8865580_1	(1, 31.20201)	(2, 31.4101)	(3, 31.55851)	(4, 31.71132)	(5, 31.65493)	(6, 35.31456)	(7, 35.40417)	(8, 35.29403)	(9, 35.48545)	(10, 35.43868)	(15, 35.399186)	(20, 35.395868)	(25, 35.332119999999996)	(30, 35.252483999999995)	(35, 35.183892)	(40, 35.143024000000004)	(45, 35.080562)	(50, 34.997878)	(55, 34.872586000000005)	(60, 34.74357473123713)	(65, 34.52827532100006)	(70, 34.36380944732836)	(75, 34.15445652954411)	(80, 33.9970892257072)	(85, 33.870181337003615)	(90, 33.764700158002)	(95, 33.59657933023269)	(100, 33.45858140101162)	(105, 33.253143996026715)	(110, 33.045417819696716)	(115, 32.87614319580315)	(120, 32.67261422936902)	(125, 32.16394012741413)	(130, 31.767618534036092)	(135, 31.278765112156986)	(140, 30.7665159338331)	(145, 30.169487177018084)	(150, 27.96276632480257)
SRR8865580_2	(1, 31.69662)	(2, 31.54147)	(3, 31.49568)	(4, 31.58198)	(5, 31.46479)	(6, 35.16864)	(7, 35.17421)	(8, 35.08705)	(9, 35.29593)	(10, 35.208478)	(15, 35.119242)	(20, 35.086628000000005)	(25, 35.031870000000005)	(30, 34.996718)	(35, 34.961316)	(40, 34.891622000000005)	(45, 34.82851)	(50, 34.744484)	(55, 34.603506)	(60, 34.41508638180688)	(65, 34.28416810274318)	(70, 34.089207200225545)	(75, 33.92792897465615)	(80, 33.824257001932985)	(85, 33.70960083919959)	(90, 33.566576634130215)	(95, 33.40780884451728)	(100, 33.194300847340514)	(105, 32.95881841067342)	(110, 32.56244836732672)	(115, 32.31792380058691)	(120, 31.890371129501382)	(125, 31.440806250330986)	(130, 31.158017688213725)	(135, 30.44855536397356)	(140, 29.941455318023788)	(145, 29.511179289628682)	(150, 26.971217323578134)
SRR8865581_1	(1, 31.14828)	(2, 31.3537)	(3, 31.54148)	(4, 31.71146)	(5, 31.63514)	(6, 35.29226)	(7, 35.35379)	(8, 35.25173)	(9, 35.47467)	(10, 35.444158)	(15, 35.414365999999994)	(20, 35.399348)	(25, 35.347928)	(30, 35.27867)	(35, 35.193652)	(40, 35.144014000000006)	(45, 35.09742)	(50, 35.006804)	(55, 34.890534)	(60, 34.76666615024546)	(65, 34.56535460853108)	(70, 34.39995799361171)	(75, 34.19455011043071)	(80, 34.03616612483704)	(85, 33.89001088766226)	(90, 33.79769540164224)	(95, 33.65102068823749)	(100, 33.51212017962535)	(105, 33.262250655242454)	(110, 33.07414934478745)	(115, 32.91690264549026)	(120, 32.60145701072018)	(125, 32.19553082786462)	(130, 31.793033628466276)	(135, 31.296789809355403)	(140, 30.78796483353176)	(145, 30.23164731180845)	(150, 28.101442898025994)
SRR8865581_2	(1, 31.66251)	(2, 31.52487)	(3, 31.46306)	(4, 31.55211)	(5, 31.42039)	(6, 35.0794)	(7, 35.12232)	(8, 35.02164)	(9, 35.2498)	(10, 35.170125999999996)	(15, 35.066554)	(20, 35.02833)	(25, 34.975088)	(30, 34.941064000000004)	(35, 34.918352)	(40, 34.83147799999999)	(45, 34.769024)	(50, 34.693162)	(55, 34.54007)	(60, 34.35052556754082)	(65, 34.231497350876175)	(70, 34.036462093528954)	(75, 33.86634142375596)	(80, 33.7594073397947)	(85, 33.62409720517909)	(90, 33.48447742981422)	(95, 33.32971274859667)	(100, 33.11034593038487)	(105, 32.863302505390344)	(110, 32.50250964694229)	(115, 32.15338548849827)	(120, 31.795991112449606)	(125, 31.33618765804757)	(130, 31.022548517239564)	(135, 30.327645783235702)	(140, 29.814855247120352)	(145, 29.382001107484477)	(150, 26.923320313424792)
SRR8865582_1	(1, 31.51146)	(2, 31.77214)	(3, 31.77645)	(4, 31.84681)	(5, 31.79899)	(6, 35.50051)	(7, 35.53461)	(8, 35.50381)	(9, 35.63615)	(10, 35.55912)	(15, 35.507396)	(20, 35.463834000000006)	(25, 35.366194)	(30, 35.249148000000005)	(35, 35.115034)	(40, 35.021928)	(45, 34.914010000000005)	(50, 34.708092)	(55, 34.459586)	(60, 34.19213181454228)	(65, 33.81390184441254)	(70, 33.47654338136882)	(75, 33.18075123676307)	(80, 32.823626569057716)	(85, 32.465770741246885)	(90, 32.02808149197652)	(95, 31.630185796195782)	(100, 31.10278617157939)	(105, 30.43145058461389)	(110, 29.595825150759445)	(115, 29.000162124873533)	(120, 28.171045434946855)	(125, 27.59512867989963)	(130, 26.820040831155552)	(135, 26.105859514910065)	(140, 25.40797419929695)	(145, 24.645929320433005)	(150, 22.67360301416862)
SRR8865582_2	(1, 31.82307)	(2, 31.68334)	(3, 31.64728)	(4, 31.70966)	(5, 31.64772)	(6, 35.3818)	(7, 35.37986)	(8, 35.32468)	(9, 35.47948)	(10, 35.390544)	(15, 35.290406000000004)	(20, 35.208692)	(25, 35.086742)	(30, 34.969674000000005)	(35, 34.806599999999996)	(40, 34.669894)	(45, 34.477418)	(50, 34.200036)	(55, 33.895326)	(60, 33.534504371599056)	(65, 33.143722907517756)	(70, 32.79059413313219)	(75, 32.389594723786885)	(80, 31.821080789529265)	(85, 31.503464863701133)	(90, 30.877595048479883)	(95, 30.53842178508079)	(100, 29.861547332505474)	(105, 29.11258497220399)	(110, 28.246961503630548)	(115, 27.568460715559972)	(120, 26.622812881883846)	(125, 25.83414520288185)	(130, 24.918299556474942)	(135, 24.36056940531322)	(140, 23.73037022699652)	(145, 23.12731197957155)	(150, 21.26488536143432)
SRR8865583_1	(1, 31.58591)	(2, 31.76719)	(3, 31.77781)	(4, 31.84555)	(5, 31.77251)	(6, 35.46501)	(7, 35.50226)	(8, 35.42899)	(9, 35.62871)	(10, 35.555402)	(15, 35.50309)	(20, 35.458268)	(25, 35.355188)	(30, 35.238226)	(35, 35.094578)	(40, 35.007326)	(45, 34.929954)	(50, 34.71527)	(55, 34.483238)	(60, 34.20551610689047)	(65, 33.85493939472882)	(70, 33.47537185775978)	(75, 33.17661311528845)	(80, 32.803171174619436)	(85, 32.51392244631729)	(90, 32.05267464332092)	(95, 31.694011967100074)	(100, 31.138514026298356)	(105, 30.422539919894973)	(110, 29.58973750798924)	(115, 29.091820443253447)	(120, 28.310715614426034)	(125, 27.6070440806556)	(130, 26.843099168055762)	(135, 26.17179717638651)	(140, 25.543203410581544)	(145, 24.708339693304474)	(150, 22.676050536299982)
SRR8865583_2	(1, 31.82539)	(2, 31.65466)	(3, 31.64822)	(4, 31.70614)	(5, 31.61758)	(6, 35.36452)	(7, 35.36446)	(8, 35.31467)	(9, 35.47619)	(10, 35.386018)	(15, 35.283536000000005)	(20, 35.202904)	(25, 35.091278)	(30, 34.96073)	(35, 34.805991999999996)	(40, 34.681632)	(45, 34.488929999999996)	(50, 34.230149999999995)	(55, 33.908336)	(60, 33.54791728357132)	(65, 33.19913144303817)	(70, 32.796854979686124)	(75, 32.42820712346641)	(80, 31.811559506584167)	(85, 31.538017954798658)	(90, 30.884563343484086)	(95, 30.558617554522737)	(100, 29.86920535065162)	(105, 29.09721498580302)	(110, 28.221190218380276)	(115, 27.544074293125654)	(120, 26.664075485373097)	(125, 25.881618750695147)	(130, 24.843219666593562)	(135, 24.316524082995215)	(140, 23.694613224098134)	(145, 23.04299327630246)	(150, 21.04566818401505)
SRR8865584_1	(1, 31.5897)	(2, 31.77854)	(3, 31.7856)	(4, 31.85931)	(5, 31.79936)	(6, 35.50407)	(7, 35.53641)	(8, 35.47759)	(9, 35.66216)	(10, 35.605958)	(15, 35.53863199999999)	(20, 35.505404)	(25, 35.39920600000001)	(30, 35.268264)	(35, 35.122367999999994)	(40, 35.038476)	(45, 34.968498)	(50, 34.790666)	(55, 34.532694)	(60, 34.27280373243382)	(65, 33.919248137114984)	(70, 33.53167237463075)	(75, 33.26331935943732)	(80, 32.90668312972498)	(85, 32.58426193192757)	(90, 32.161322965141395)	(95, 31.795965305586215)	(100, 31.290642518718226)	(105, 30.55010900397557)	(110, 29.73782575891021)	(115, 29.244646794621968)	(120, 28.484707148723924)	(125, 27.77941115743847)	(130, 27.0928102377085)	(135, 26.409902406473737)	(140, 25.709735203003323)	(145, 24.85478401628401)	(150, 22.835778512219846)
SRR8865584_2	(1, 31.82727)	(2, 31.69562)	(3, 31.66222)	(4, 31.73012)	(5, 31.65126)	(6, 35.39986)	(7, 35.39789)	(8, 35.33902)	(9, 35.51706)	(10, 35.418060000000004)	(15, 35.323556)	(20, 35.23795)	(25, 35.121336)	(30, 34.997384)	(35, 34.838998000000004)	(40, 34.707316000000006)	(45, 34.514474)	(50, 34.267022)	(55, 33.932010000000005)	(60, 33.593899979688054)	(65, 33.267481896946904)	(70, 32.850777808887315)	(75, 32.470249891090376)	(80, 31.88850509035411)	(85, 31.645936699569727)	(90, 30.965927062382878)	(95, 30.657374738037834)	(100, 29.98641036613924)	(105, 29.250805987762845)	(110, 28.38783078940245)	(115, 27.737811267571356)	(120, 26.874761037312368)	(125, 26.071898143927758)	(130, 25.03629792055505)	(135, 24.449308274767596)	(140, 23.843070876321654)	(145, 23.217011461794677)	(150, 21.193922372154056)
SRR8865585_1	(1, 31.59076)	(2, 31.80269)	(3, 31.80965)	(4, 31.87267)	(5, 31.82672)	(6, 35.55483)	(7, 35.59574)	(8, 35.55894)	(9, 35.64573)	(10, 35.61280000000001)	(15, 35.568574)	(20, 35.533656)	(25, 35.447122)	(30, 35.31406199999999)	(35, 35.123782)	(40, 35.100024000000005)	(45, 35.103528)	(50, 34.968396)	(55, 34.72537200000001)	(60, 34.458701985134304)	(65, 34.152176393620024)	(70, 33.81699043830109)	(75, 33.61850060649001)	(80, 33.31010671194089)	(85, 33.029156136461125)	(90, 32.618896677617464)	(95, 32.26903318569236)	(100, 31.737470717176336)	(105, 30.889747994508973)	(110, 30.250484095926225)	(115, 29.712482433496625)	(120, 28.887277687195756)	(125, 28.240042744597)	(130, 27.558943385418008)	(135, 26.908297375305274)	(140, 26.352567904949392)	(145, 25.545594026568807)	(150, 23.200647863226266)
SRR8865585_2	(1, 31.84984)	(2, 31.71167)	(3, 31.70595)	(4, 31.73554)	(5, 31.69346)	(6, 35.44646)	(7, 35.4543)	(8, 35.41768)	(9, 35.58238)	(10, 35.485104)	(15, 35.409648)	(20, 35.332826)	(25, 35.241326)	(30, 35.131693999999996)	(35, 34.981554)	(40, 34.87919599999999)	(45, 34.75872)	(50, 34.535474)	(55, 34.248924)	(60, 33.94388536948943)	(65, 33.67267955690898)	(70, 33.27706508814266)	(75, 33.01357289368133)	(80, 32.39811538878003)	(85, 32.191424202923606)	(90, 31.610277623475874)	(95, 31.262901376348747)	(100, 30.579856929749347)	(105, 29.96239278692571)	(110, 28.894171602722516)	(115, 28.17845603098548)	(120, 27.48726760665474)	(125, 26.72257873248757)	(130, 25.549173414015762)	(135, 24.914475955896606)	(140, 24.16974165398019)	(145, 23.795025609593242)	(150, 21.681880932768934)
SRR8865586_1	(1, 31.62158)	(2, 31.70856)	(3, 31.77476)	(4, 31.85779)	(5, 31.82545)	(6, 35.56638)	(7, 35.60447)	(8, 35.56123)	(9, 35.6442)	(10, 35.619722)	(15, 35.631797999999996)	(20, 35.61574)	(25, 35.56678000000001)	(30, 35.52774599999999)	(35, 35.4704)	(40, 35.441028)	(45, 35.425688)	(50, 35.359198)	(55, 35.286538)	(60, 35.16869853177432)	(65, 35.05652350599469)	(70, 34.88573684345205)	(75, 34.74486338441152)	(80, 34.63028724281022)	(85, 34.54683015148911)	(90, 34.44841528976267)	(95, 34.37552075830568)	(100, 34.24115440393046)	(105, 34.052351662013045)	(110, 33.922611973863)	(115, 33.75603827946664)	(120, 33.55243607999779)	(125, 33.295964961508034)	(130, 33.15024860551883)	(135, 32.81052425243461)	(140, 32.431082153642265)	(145, 31.949790358034317)	(150, 29.77603795961363)
SRR8865586_2	(1, 31.82181)	(2, 31.72267)	(3, 31.70514)	(4, 31.7381)	(5, 31.70824)	(6, 35.52748)	(7, 35.52675)	(8, 35.51049)	(9, 35.57039)	(10, 35.527354)	(15, 35.508818)	(20, 35.468916)	(25, 35.427322)	(30, 35.385894)	(35, 35.33602)	(40, 35.302352)	(45, 35.260466)	(50, 35.165206)	(55, 35.076934)	(60, 34.970524848893206)	(65, 34.87216619241306)	(70, 34.74961532092185)	(75, 34.680825790588926)	(80, 34.56784434447738)	(85, 34.4951663889114)	(90, 34.36947709837834)	(95, 34.24692318247809)	(100, 34.1060536762768)	(105, 33.93550372995041)	(110, 33.7459976427529)	(115, 33.54967982879474)	(120, 33.27615603668156)	(125, 33.01717816895935)	(130, 32.62373342287168)	(135, 32.1101376718435)	(140, 31.553422421932815)	(145, 31.114521743958278)	(150, 28.326303942501802)
SRR8865587_1	(1, 31.64476)	(2, 31.74347)	(3, 31.80355)	(4, 31.87081)	(5, 31.83523)	(6, 35.60403)	(7, 35.63651)	(8, 35.60322)	(9, 35.70043)	(10, 35.653026)	(15, 35.65420400000001)	(20, 35.638524000000004)	(25, 35.594058000000004)	(30, 35.549298)	(35, 35.50253)	(40, 35.475614)	(45, 35.459752)	(50, 35.39907)	(55, 35.32255200000001)	(60, 35.22604598879318)	(65, 35.125444873164426)	(70, 34.98474639269097)	(75, 34.81823310110759)	(80, 34.73030398483791)	(85, 34.66213337703893)	(90, 34.56644321783715)	(95, 34.49357320896535)	(100, 34.343159691828546)	(105, 34.18870475643966)	(110, 34.064453032137216)	(115, 33.888906234189996)	(120, 33.744555746788045)	(125, 33.476961449166126)	(130, 33.31078478023012)	(135, 32.95448336883847)	(140, 32.566077711211676)	(145, 32.133127764747606)	(150, 29.95492916692293)
SRR8865587_2	(1, 31.78124)	(2, 31.66857)	(3, 31.6693)	(4, 31.70013)	(5, 31.65777)	(6, 35.45069)	(7, 35.4503)	(8, 35.45035)	(9, 35.51094)	(10, 35.48767)	(15, 35.453419999999994)	(20, 35.421307999999996)	(25, 35.37147)	(30, 35.335478)	(35, 35.287296000000005)	(40, 35.251484)	(45, 35.20456)	(50, 35.118185999999994)	(55, 35.030967999999994)	(60, 34.93919764321724)	(65, 34.8452951684755)	(70, 34.707789563367974)	(75, 34.62728313854849)	(80, 34.53352840433833)	(85, 34.468141652560305)	(90, 34.34692122910909)	(95, 34.22629392397515)	(100, 34.09689236525295)	(105, 33.94624301427427)	(110, 33.79000120987624)	(115, 33.59883166743494)	(120, 33.34989895412834)	(125, 33.13861415735086)	(130, 32.75351307197595)	(135, 32.307416773214)	(140, 31.862060254319935)	(145, 31.373916732781236)	(150, 28.702164507140942)
SRR8865588_1	(1, 31.14298)	(2, 31.39297)	(3, 31.52747)	(4, 31.70307)	(5, 31.61701)	(6, 35.30892)	(7, 35.34264)	(8, 35.28462)	(9, 35.46813)	(10, 35.425670000000004)	(15, 35.399491999999995)	(20, 35.390842)	(25, 35.338718)	(30, 35.260244)	(35, 35.149482)	(40, 35.09362600000001)	(45, 35.083785999999996)	(50, 34.980652000000006)	(55, 34.838705999999995)	(60, 34.69138008183391)	(65, 34.46341548586712)	(70, 34.28196924561833)	(75, 34.04298740549688)	(80, 33.89311738036519)	(85, 33.751266119051714)	(90, 33.64963916297822)	(95, 33.49790136683522)	(100, 33.34119898324576)	(105, 33.14073012313272)	(110, 32.93933287981631)	(115, 32.76865065614857)	(120, 32.55891491438963)	(125, 32.072245554345045)	(130, 31.669713898759046)	(135, 31.199218165697822)	(140, 30.693405302311096)	(145, 30.09522575805574)	(150, 27.886338621775618)
SRR8865588_2	(1, 31.67294)	(2, 31.50303)	(3, 31.4268)	(4, 31.52098)	(5, 31.36965)	(6, 35.01582)	(7, 35.07407)	(8, 34.95426)	(9, 35.21972)	(10, 35.12174)	(15, 35.004868)	(20, 34.962244)	(25, 34.90486)	(30, 34.878214)	(35, 34.85304)	(40, 34.776011999999994)	(45, 34.727318000000004)	(50, 34.640638)	(55, 34.46069)	(60, 34.28411322610892)	(65, 34.14262793335153)	(70, 33.95707017939033)	(75, 33.795174582632725)	(80, 33.68023761825636)	(85, 33.548051293074714)	(90, 33.3909781656371)	(95, 33.24094152903136)	(100, 33.03305197454778)	(105, 32.78082942103967)	(110, 32.40382331460128)	(115, 32.13276673004706)	(120, 31.70918546552263)	(125, 31.281599524376464)	(130, 30.958800384080327)	(135, 30.28223853033561)	(140, 29.78457252504047)	(145, 29.34705918223047)	(150, 26.88239815570302)
SRR8865589_1	(1, 31.56368)	(2, 31.75586)	(3, 31.77076)	(4, 31.84194)	(5, 31.79541)	(6, 35.48877)	(7, 35.51361)	(8, 35.43918)	(9, 35.65845)	(10, 35.582484)	(15, 35.527286)	(20, 35.487818000000004)	(25, 35.389266000000006)	(30, 35.26720400000001)	(35, 35.115764)	(40, 35.039692)	(45, 35.022245999999996)	(50, 34.837934)	(55, 34.596622)	(60, 34.3470661387566)	(65, 33.9988673578286)	(70, 33.63216382021311)	(75, 33.40965920183869)	(80, 33.05699049941723)	(85, 32.75504868803538)	(90, 32.3372982399369)	(95, 32.00293482653113)	(100, 31.47922919199446)	(105, 30.661870616365313)	(110, 29.858653202799918)	(115, 29.41509035869772)	(120, 28.63196194669149)	(125, 27.978634631678915)	(130, 27.259088138591117)	(135, 26.515651498241986)	(140, 25.955700775243383)	(145, 25.13797390649622)	(150, 23.036963668222697)
SRR8865589_2	(1, 31.7946)	(2, 31.66142)	(3, 31.64047)	(4, 31.69394)	(5, 31.62612)	(6, 35.35559)	(7, 35.3348)	(8, 35.28462)	(9, 35.46821)	(10, 35.372364000000005)	(15, 35.283988)	(20, 35.195795999999994)	(25, 35.089512)	(30, 34.962118)	(35, 34.809856)	(40, 34.679124)	(45, 34.541270000000004)	(50, 34.267117999999996)	(55, 33.987004)	(60, 33.64552602191354)	(65, 33.280540308487595)	(70, 32.91150848433557)	(75, 32.558744820156925)	(80, 31.933359811721367)	(85, 31.68363364098645)	(90, 31.039462165072187)	(95, 30.76072491247657)	(100, 30.012172571549705)	(105, 29.342790000532755)	(110, 28.399381670477414)	(115, 27.736526874063536)	(120, 26.882231648328894)	(125, 26.157730274198673)	(130, 25.078552928141697)	(135, 24.4167630887233)	(140, 23.706950796764616)	(145, 23.232073090479574)	(150, 21.227515472342418)
SRR8865590_1	(1, 31.34426)	(2, 31.55598)	(3, 31.66346)	(4, 31.7829)	(5, 31.72561)	(6, 35.38536)	(7, 35.4699)	(8, 35.36911)	(9, 35.53178)	(10, 35.509582)	(15, 35.481826)	(20, 35.47582)	(25, 35.423145999999996)	(30, 35.376864)	(35, 35.33439599999999)	(40, 35.28363)	(45, 35.23121)	(50, 35.17555)	(55, 35.083532000000005)	(60, 35.009252926823855)	(65, 34.844674773080214)	(70, 34.693511894811515)	(75, 34.53779013344385)	(80, 34.40465222933488)	(85, 34.28662097631279)	(90, 34.196822368414146)	(95, 34.0512891090719)	(100, 33.94373173153325)	(105, 33.72208351760328)	(110, 33.598154558302)	(115, 33.42030339881253)	(120, 33.255513670596756)	(125, 32.765122448045375)	(130, 32.29173595068466)	(135, 31.92763075596171)	(140, 31.41467550136598)	(145, 30.815784361247342)	(150, 28.761215139481806)
SRR8865590_2	(1, 31.70401)	(2, 31.54882)	(3, 31.52213)	(4, 31.60093)	(5, 31.52079)	(6, 35.17379)	(7, 35.21093)	(8, 35.13445)	(9, 35.29654)	(10, 35.246074)	(15, 35.170992)	(20, 35.133192)	(25, 35.08433)	(30, 35.044654)	(35, 35.022206000000004)	(40, 34.93773399999999)	(45, 34.885608000000005)	(50, 34.819794)	(55, 34.67836200000001)	(60, 34.536015000393434)	(65, 34.39444091043255)	(70, 34.23840397625172)	(75, 34.12095854392599)	(80, 34.00869691876351)	(85, 33.936619768029594)	(90, 33.782891088579596)	(95, 33.662415404583065)	(100, 33.47491012279495)	(105, 33.22762541181721)	(110, 32.81775015511706)	(115, 32.56843607825637)	(120, 32.20586946352677)	(125, 31.718748532569805)	(130, 31.418006535322313)	(135, 30.714506019406816)	(140, 30.197594892712964)	(145, 29.8846787291938)	(150, 27.374819433571318)
SRR8865591_1	(1, 31.59605)	(2, 31.78785)	(3, 31.81439)	(4, 31.86969)	(5, 31.82067)	(6, 35.54545)	(7, 35.56114)	(8, 35.54208)	(9, 35.61288)	(10, 35.58952800000001)	(15, 35.552698)	(20, 35.52476800000001)	(25, 35.442476)	(30, 35.317278)	(35, 35.180502000000004)	(40, 35.12404)	(45, 35.078537999999995)	(50, 34.91275)	(55, 34.676502000000006)	(60, 34.46516940220363)	(65, 34.13976253263937)	(70, 33.77108635066778)	(75, 33.54674999111343)	(80, 33.21032553608087)	(85, 32.93591192207813)	(90, 32.51209005930836)	(95, 32.176998753419525)	(100, 31.667609478546403)	(105, 30.93045845578488)	(110, 30.142807631758274)	(115, 29.71136179029196)	(120, 28.911587223740675)	(125, 28.22164910493231)	(130, 27.50900483708802)	(135, 26.783618210245844)	(140, 26.19559782370797)	(145, 25.343795151970497)	(150, 23.232789726766534)
SRR8865591_2	(1, 31.80587)	(2, 31.66)	(3, 31.63386)	(4, 31.69894)	(5, 31.60397)	(6, 35.35512)	(7, 35.36522)	(8, 35.31683)	(9, 35.48511)	(10, 35.401116)	(15, 35.304408)	(20, 35.227188000000005)	(25, 35.124124)	(30, 35.015558)	(35, 34.870206)	(40, 34.736236)	(45, 34.612016000000004)	(50, 34.36607600000001)	(55, 34.099758)	(60, 33.76436775377503)	(65, 33.438029953286645)	(70, 33.09636886648523)	(75, 32.7552468162102)	(80, 32.14690926694651)	(85, 31.89790379647984)	(90, 31.312485106972076)	(95, 31.019571361558036)	(100, 30.288709124255046)	(105, 29.628620090563413)	(110, 28.769995634860997)	(115, 28.13320285762407)	(120, 27.22839085466223)	(125, 26.455927549627717)	(130, 25.377057001308856)	(135, 24.7286948258142)	(140, 24.132013193461937)	(145, 23.54018387170555)	(150, 21.483386221718)
SRR8865592_1	(1, 31.55038)	(2, 31.76342)	(3, 31.79696)	(4, 31.85231)	(5, 31.81059)	(6, 35.49391)	(7, 35.52108)	(8, 35.46634)	(9, 35.64137)	(10, 35.590986)	(15, 35.548972)	(20, 35.501972)	(25, 35.419444)	(30, 35.300866)	(35, 35.177042)	(40, 35.085229999999996)	(45, 34.987426)	(50, 34.794482)	(55, 34.552082)	(60, 34.291855167262966)	(65, 33.90025648618165)	(70, 33.553243186733816)	(75, 33.25022408137568)	(80, 32.884739047726335)	(85, 32.51415740436259)	(90, 32.04758828357636)	(95, 31.69017440012221)	(100, 31.16409840146786)	(105, 30.47105282014933)	(110, 29.64676423237355)	(115, 29.03262061852497)	(120, 28.199270414501655)	(125, 27.568536236069452)	(130, 26.90096805093011)	(135, 26.162129239958677)	(140, 25.484121816143233)	(145, 24.70403356579708)	(150, 22.782616271167534)
SRR8865592_2	(1, 31.81984)	(2, 31.66821)	(3, 31.63637)	(4, 31.6761)	(5, 31.60323)	(6, 35.3395)	(7, 35.32638)	(8, 35.24668)	(9, 35.43005)	(10, 35.340228)	(15, 35.243326)	(20, 35.154014000000004)	(25, 35.040293999999996)	(30, 34.905573999999994)	(35, 34.765874000000004)	(40, 34.618884)	(45, 34.397486)	(50, 34.134142000000004)	(55, 33.80589400000001)	(60, 33.41776945894073)	(65, 33.04336071614382)	(70, 32.65372483881812)	(75, 32.26507437938929)	(80, 31.662323117081048)	(85, 31.3577292221321)	(90, 30.742660539965772)	(95, 30.402518149883615)	(100, 29.679246587808485)	(105, 28.95143854057762)	(110, 28.03723888148682)	(115, 27.33400380738908)	(120, 26.432774646659965)	(125, 25.680076941877132)	(130, 24.783770230027585)	(135, 24.232193739819362)	(140, 23.570257045238264)	(145, 22.957488925561776)	(150, 21.114572667003998)
SRR8865593_1	(1, 31.30918)	(2, 31.57168)	(3, 31.6328)	(4, 31.75672)	(5, 31.71821)	(6, 35.39244)	(7, 35.46645)	(8, 35.38901)	(9, 35.50911)	(10, 35.498632)	(15, 35.471926)	(20, 35.469998)	(25, 35.427214000000006)	(30, 35.347876)	(35, 35.301041999999995)	(40, 35.264241999999996)	(45, 35.213938)	(50, 35.140848)	(55, 35.04402)	(60, 34.93588757671667)	(65, 34.756107808102016)	(70, 34.59052996552442)	(75, 34.41212335934771)	(80, 34.27219409953746)	(85, 34.1395503101945)	(90, 34.05701596362498)	(95, 33.89451142244279)	(100, 33.76407620713343)	(105, 33.560534175720804)	(110, 33.4001366988482)	(115, 33.21592770890929)	(120, 33.02194229407432)	(125, 32.56219590243943)	(130, 32.097188971721856)	(135, 31.71371215291209)	(140, 31.191772781559216)	(145, 30.601185413505778)	(150, 28.37266745370817)
SRR8865593_2	(1, 31.69354)	(2, 31.54652)	(3, 31.47127)	(4, 31.55685)	(5, 31.4508)	(6, 35.13288)	(7, 35.16519)	(8, 35.07976)	(9, 35.26606)	(10, 35.204492)	(15, 35.11593)	(20, 35.0823)	(25, 35.043942)	(30, 35.002416)	(35, 34.984756)	(40, 34.90411400000001)	(45, 34.852312)	(50, 34.784068000000005)	(55, 34.62728)	(60, 34.45965781786226)	(65, 34.332710689752645)	(70, 34.143721267678266)	(75, 33.99068572739)	(80, 33.88678813317806)	(85, 33.776717250923085)	(90, 33.62156597235331)	(95, 33.48933781614579)	(100, 33.28867802494908)	(105, 33.040175249633776)	(110, 32.654157147298875)	(115, 32.40592526158182)	(120, 31.985621225433665)	(125, 31.525825572294604)	(130, 31.306492385967278)	(135, 30.554659601564957)	(140, 30.08300423925271)	(145, 29.68829467757563)	(150, 27.197977015538456)
SRR8865594_1	(1, 31.08686)	(2, 31.22424)	(3, 31.51249)	(4, 31.67439)	(5, 31.63462)	(6, 35.26629)	(7, 35.3267)	(8, 35.23003)	(9, 35.44808)	(10, 35.370129999999996)	(15, 35.346284)	(20, 35.361270000000005)	(25, 35.306046)	(30, 35.223718)	(35, 35.14447199999999)	(40, 35.106068)	(45, 35.057332)	(50, 34.975578)	(55, 34.860904000000005)	(60, 34.723311022150426)	(65, 34.546884351892814)	(70, 34.35653593177103)	(75, 34.15477418764081)	(80, 33.98789106846583)	(85, 33.84207327963767)	(90, 33.76437030156256)	(95, 33.57620829010148)	(100, 33.40654028515854)	(105, 33.13128364309183)	(110, 32.95105868458276)	(115, 32.78352348560608)	(120, 32.45540856232897)	(125, 32.0052219880799)	(130, 31.538523985221588)	(135, 31.019092601691035)	(140, 30.590669810180522)	(145, 30.05364194506665)	(150, 27.944479048648738)
SRR8865594_2	(1, 31.68025)	(2, 31.54188)	(3, 31.51724)	(4, 31.57259)	(5, 31.46013)	(6, 35.11665)	(7, 35.16312)	(8, 35.07495)	(9, 35.29117)	(10, 35.183588)	(15, 35.107502)	(20, 35.068299999999994)	(25, 35.020655999999995)	(30, 34.97891599999999)	(35, 34.937586)	(40, 34.85902)	(45, 34.792928)	(50, 34.719222)	(55, 34.555682)	(60, 34.39158177139155)	(65, 34.24457244154979)	(70, 34.063255026922896)	(75, 33.88737311304542)	(80, 33.79034833173463)	(85, 33.67373658512724)	(90, 33.51163933666284)	(95, 33.351945746588584)	(100, 33.09938195909833)	(105, 32.832406640180366)	(110, 32.50999241540423)	(115, 32.11825115046043)	(120, 31.798792828595264)	(125, 31.251781656717082)	(130, 30.92797602499569)	(135, 30.245878673692182)	(140, 29.683310067007785)	(145, 29.282214537436545)	(150, 26.719610884223904)
SRR8865595_1	(1, 31.28563)	(2, 31.52879)	(3, 31.67942)	(4, 31.79321)	(5, 31.74555)	(6, 35.42119)	(7, 35.48451)	(8, 35.38795)	(9, 35.57287)	(10, 35.539988)	(15, 35.512240000000006)	(20, 35.504112)	(25, 35.464141999999995)	(30, 35.410814)	(35, 35.36833)	(40, 35.319898)	(45, 35.253693999999996)	(50, 35.208839999999995)	(55, 35.135306)	(60, 35.04109859605097)	(65, 34.892155381855865)	(70, 34.746799356560054)	(75, 34.564983542182055)	(80, 34.439815565465715)	(85, 34.33983174131274)	(90, 34.249705325746234)	(95, 34.11175495427605)	(100, 33.99401992282392)	(105, 33.778424129051686)	(110, 33.603293995703474)	(115, 33.45221604170358)	(120, 33.28852944341092)	(125, 32.81541414060812)	(130, 32.41594490925486)	(135, 31.990510842172917)	(140, 31.482095411032226)	(145, 30.91610049597066)	(150, 28.847312523112798)
SRR8865595_2	(1, 31.66508)	(2, 31.47758)	(3, 31.42861)	(4, 31.52851)	(5, 31.40678)	(6, 35.08439)	(7, 35.10556)	(8, 34.99916)	(9, 35.25054)	(10, 35.17214)	(15, 35.063178)	(20, 35.024651999999996)	(25, 34.982916)	(30, 34.915424)	(35, 34.897234000000005)	(40, 34.809116)	(45, 34.756870000000006)	(50, 34.68753400000001)	(55, 34.552494)	(60, 34.36959767152559)	(65, 34.26167906848427)	(70, 34.06337202040588)	(75, 33.91699632931742)	(80, 33.824176854926655)	(85, 33.72916262614997)	(90, 33.57848233492074)	(95, 33.44752861832404)	(100, 33.273929242701044)	(105, 33.04500664405755)	(110, 32.67437684700218)	(115, 32.43809370232269)	(120, 32.02279523898924)	(125, 31.636196573783877)	(130, 31.32745119410862)	(135, 30.69558104470322)	(140, 30.19915900888907)	(145, 29.77511201007301)	(150, 27.3635500109892)
SRR8865596_1	(1, 31.36722)	(2, 31.58457)	(3, 31.66928)	(4, 31.78492)	(5, 31.72358)	(6, 35.42227)	(7, 35.48123)	(8, 35.40112)	(9, 35.55097)	(10, 35.520778)	(15, 35.482762)	(20, 35.470014)	(25, 35.424176)	(30, 35.363976)	(35, 35.331488)	(40, 35.27606)	(45, 35.220547999999994)	(50, 35.173012)	(55, 35.06580799999999)	(60, 34.98550714048925)	(65, 34.8183082077)	(70, 34.67177142516512)	(75, 34.506515288749824)	(80, 34.36071548582783)	(85, 34.26420647766858)	(90, 34.17964461685021)	(95, 34.0161847241417)	(100, 33.91276212349662)	(105, 33.685600862010304)	(110, 33.53565327269278)	(115, 33.369994844026294)	(120, 33.22055394251255)	(125, 32.73510570451117)	(130, 32.280311967095486)	(135, 31.918312802666293)	(140, 31.34825878106168)	(145, 30.786331237124035)	(150, 28.67442762643217)
SRR8865596_2	(1, 31.67307)	(2, 31.5194)	(3, 31.48675)	(4, 31.57423)	(5, 31.45913)	(6, 35.13073)	(7, 35.16603)	(8, 35.10276)	(9, 35.3041)	(10, 35.230608000000004)	(15, 35.13661599999999)	(20, 35.100864)	(25, 35.053728)	(30, 35.01613)	(35, 34.982600000000005)	(40, 34.90541)	(45, 34.850876)	(50, 34.783082)	(55, 34.633402000000004)	(60, 34.48984810612619)	(65, 34.38605221941222)	(70, 34.20942027575059)	(75, 34.07715105500597)	(80, 33.973079902224576)	(85, 33.87593331250075)	(90, 33.74218081464787)	(95, 33.59916742845559)	(100, 33.415020947909184)	(105, 33.18672801761583)	(110, 32.78517146662098)	(115, 32.52903934386727)	(120, 32.158256400942136)	(125, 31.68461354017519)	(130, 31.425693767205257)	(135, 30.723690228839786)	(140, 30.200131991658974)	(145, 29.87570331707127)	(150, 27.34878028315879)
SRR8865597_1	(1, 31.5594)	(2, 31.78615)	(3, 31.82289)	(4, 31.87646)	(5, 31.83504)	(6, 35.50349)	(7, 35.56289)	(8, 35.52699)	(9, 35.65363)	(10, 35.62267)	(15, 35.576707999999996)	(20, 35.539432)	(25, 35.45503800000001)	(30, 35.34865799999999)	(35, 35.202974)	(40, 35.130004)	(45, 35.078048)	(50, 34.877076)	(55, 34.658902)	(60, 34.3796443111568)	(65, 34.038358236752245)	(70, 33.665661145803234)	(75, 33.39989148848541)	(80, 33.03457147508864)	(85, 32.705147332434855)	(90, 32.2438281237407)	(95, 31.894768204828363)	(100, 31.359031344075227)	(105, 30.66718431571199)	(110, 29.825945288903217)	(115, 29.27274919851166)	(120, 28.458362842456637)	(125, 27.767335233885582)	(130, 27.00242957358926)	(135, 26.294891040704375)	(140, 25.606097317677285)	(145, 24.782740136317482)	(150, 22.62802035621538)
SRR8865597_2	(1, 31.81842)	(2, 31.67263)	(3, 31.65026)	(4, 31.70669)	(5, 31.63523)	(6, 35.36039)	(7, 35.37657)	(8, 35.33267)	(9, 35.50539)	(10, 35.405284)	(15, 35.325062)	(20, 35.246442)	(25, 35.135678)	(30, 35.022825999999995)	(35, 34.872014)	(40, 34.74980599999999)	(45, 34.594732)	(50, 34.340920000000004)	(55, 34.027195999999996)	(60, 33.71279397400859)	(65, 33.3495703358459)	(70, 32.981059373618905)	(75, 32.61192568228269)	(80, 32.014799486250254)	(85, 31.768325946813963)	(90, 31.114168336449232)	(95, 30.808884070148416)	(100, 30.134776598682976)	(105, 29.357271790234243)	(110, 28.479291845455897)	(115, 27.77415777778136)	(120, 26.878336141792055)	(125, 26.038273677187497)	(130, 25.04516652666625)	(135, 24.52916551163106)	(140, 23.8421752820905)	(145, 23.189383757639025)	(150, 21.031705523126192)
SRR8865598_1	(1, 31.45642)	(2, 31.7471)	(3, 31.77456)	(4, 31.84851)	(5, 31.80978)	(6, 35.48761)	(7, 35.53024)	(8, 35.46752)	(9, 35.6424)	(10, 35.569822)	(15, 35.5248)	(20, 35.484745999999994)	(25, 35.392546)	(30, 35.282944)	(35, 35.145978)	(40, 35.062281999999996)	(45, 34.983958)	(50, 34.77256)	(55, 34.530062)	(60, 34.25697023919794)	(65, 33.90174570017988)	(70, 33.56338033210226)	(75, 33.268964915173214)	(80, 32.926080945421695)	(85, 32.578560846023)	(90, 32.11826295037706)	(95, 31.74219425181162)	(100, 31.213070206292695)	(105, 30.546392857783218)	(110, 29.734832666522088)	(115, 29.181872788640668)	(120, 28.355006217794575)	(125, 27.7649953684349)	(130, 26.99411925699202)	(135, 26.283709683028928)	(140, 25.61927707594095)	(145, 24.7972612029585)	(150, 22.87733577902396)
SRR8865598_2	(1, 31.84576)	(2, 31.71117)	(3, 31.69508)	(4, 31.73606)	(5, 31.68854)	(6, 35.45389)	(7, 35.42597)	(8, 35.3826)	(9, 35.51041)	(10, 35.430147999999996)	(15, 35.349088)	(20, 35.269417999999995)	(25, 35.156383999999996)	(30, 35.055954)	(35, 34.908584)	(40, 34.76985)	(45, 34.578898)	(50, 34.33158999999999)	(55, 34.013766)	(60, 33.66946809715253)	(65, 33.30871057492085)	(70, 32.9244210152838)	(75, 32.49916627435543)	(80, 31.92833879223511)	(85, 31.625938294194754)	(90, 30.987949093551975)	(95, 30.673510769981856)	(100, 29.959178243332776)	(105, 29.16223768555101)	(110, 28.3374923582143)	(115, 27.58754796779648)	(120, 26.689694199931132)	(125, 25.82633480835367)	(130, 24.909258018453137)	(135, 24.408756547582648)	(140, 23.70210744391836)	(145, 23.115707381681453)	(150, 21.146691696815406)
SRR8865599_1	(1, 31.28843)	(2, 31.50082)	(3, 31.61584)	(4, 31.7382)	(5, 31.6853)	(6, 35.3888)	(7, 35.43266)	(8, 35.35596)	(9, 35.52717)	(10, 35.482245999999996)	(15, 35.442714)	(20, 35.440634)	(25, 35.385536)	(30, 35.319241999999996)	(35, 35.255444)	(40, 35.20709)	(45, 35.166568)	(50, 35.087876)	(55, 34.974321999999994)	(60, 34.86249648777833)	(65, 34.663667578624036)	(70, 34.52082911178619)	(75, 34.31309988625685)	(80, 34.16134632542543)	(85, 34.03241426884917)	(90, 33.94172622494132)	(95, 33.79329219414036)	(100, 33.66367877267052)	(105, 33.46719287572325)	(110, 33.27829640412712)	(115, 33.10692634897424)	(120, 32.906266123769036)	(125, 32.435293933997286)	(130, 32.05151423092485)	(135, 31.574741540266633)	(140, 31.035759706062095)	(145, 30.432810097869027)	(150, 28.233712149582757)
SRR8865599_2	(1, 31.66219)	(2, 31.50734)	(3, 31.41482)	(4, 31.52715)	(5, 31.38472)	(6, 35.05621)	(7, 35.07625)	(8, 34.97109)	(9, 35.2156)	(10, 35.134631999999996)	(15, 35.020206)	(20, 34.975010000000005)	(25, 34.955614000000004)	(30, 34.907669999999996)	(35, 34.878353999999995)	(40, 34.788818000000006)	(45, 34.720349999999996)	(50, 34.652442)	(55, 34.49436)	(60, 34.31225105503218)	(65, 34.19195927834969)	(70, 33.97764948286737)	(75, 33.82115003620691)	(80, 33.699501566125434)	(85, 33.5821941808653)	(90, 33.43156652264204)	(95, 33.30172754305879)	(100, 33.109352683992526)	(105, 32.83555420438734)	(110, 32.46934279460189)	(115, 32.21643177646904)	(120, 31.804319047614985)	(125, 31.338453696688724)	(130, 31.03445420696056)	(135, 30.37784730973266)	(140, 29.869372286069357)	(145, 29.437535073735962)	(150, 26.894722173474605)
SRR8865600_1	(1, 31.17332)	(2, 31.31809)	(3, 31.55489)	(4, 31.70472)	(5, 31.6154)	(6, 35.25189)	(7, 35.33009)	(8, 35.23638)	(9, 35.45163)	(10, 35.39045)	(15, 35.364315999999995)	(20, 35.365046)	(25, 35.315632)	(30, 35.224802)	(35, 35.149206)	(40, 35.095222)	(45, 35.045092)	(50, 34.967686)	(55, 34.83033400000001)	(60, 34.703517036224156)	(65, 34.4967592975108)	(70, 34.33057199289438)	(75, 34.09023563769991)	(80, 33.934643778273504)	(85, 33.798331251411554)	(90, 33.68474269284294)	(95, 33.53094398614065)	(100, 33.39624945767537)	(105, 33.16727485428187)	(110, 32.95221253514363)	(115, 32.78953292854311)	(120, 32.58542603046171)	(125, 32.087456502297194)	(130, 31.689624797185424)	(135, 31.204279842629422)	(140, 30.663049665774146)	(145, 30.073970765245143)	(150, 27.860072961383253)
SRR8865600_2	(1, 31.6953)	(2, 31.55654)	(3, 31.51091)	(4, 31.58674)	(5, 31.46299)	(6, 35.12353)	(7, 35.17306)	(8, 35.0813)	(9, 35.28319)	(10, 35.223242000000006)	(15, 35.127320000000005)	(20, 35.083428000000005)	(25, 35.037054)	(30, 34.990908000000005)	(35, 34.966364)	(40, 34.875479999999996)	(45, 34.82042)	(50, 34.741164000000005)	(55, 34.588206)	(60, 34.41476184310428)	(65, 34.27491526244809)	(70, 34.080511795093926)	(75, 33.91401610807211)	(80, 33.82109738943507)	(85, 33.701634729195234)	(90, 33.53306293922591)	(95, 33.36996971169485)	(100, 33.18242439615739)	(105, 32.92156298761919)	(110, 32.52132674371179)	(115, 32.27062238841363)	(120, 31.857729585818323)	(125, 31.40571538404793)	(130, 31.10086256273282)	(135, 30.41034181786217)	(140, 29.898393428604358)	(145, 29.47721837718884)	(150, 26.823171881769593)
SRR8865601_1	(1, 31.23536)	(2, 31.47136)	(3, 31.58985)	(4, 31.71968)	(5, 31.63019)	(6, 35.32085)	(7, 35.37065)	(8, 35.27143)	(9, 35.48129)	(10, 35.44521)	(15, 35.416911999999996)	(20, 35.402922000000004)	(25, 35.341808)	(30, 35.25295)	(35, 35.163626)	(40, 35.124320000000004)	(45, 35.084632)	(50, 34.99152)	(55, 34.848494)	(60, 34.72975726448087)	(65, 34.51809868601308)	(70, 34.33179097237208)	(75, 34.1319187317421)	(80, 33.97895222435952)	(85, 33.83054750076399)	(90, 33.70340653022233)	(95, 33.53675587288181)	(100, 33.420298634259595)	(105, 33.20638016480429)	(110, 33.03948685034666)	(115, 32.79678846503863)	(120, 32.66173297121016)	(125, 32.13250896215974)	(130, 31.613104634055883)	(135, 31.20989991849475)	(140, 30.688012699927537)	(145, 30.12946328942764)	(150, 27.820761066532466)
SRR8865601_2	(1, 31.69692)	(2, 31.54881)	(3, 31.4866)	(4, 31.56774)	(5, 31.46534)	(6, 35.11592)	(7, 35.15121)	(8, 35.0639)	(9, 35.28706)	(10, 35.202356)	(15, 35.10947)	(20, 35.064603999999996)	(25, 35.041109999999996)	(30, 35.004424)	(35, 34.969048)	(40, 34.885402)	(45, 34.848002)	(50, 34.777418)	(55, 34.587390000000006)	(60, 34.43908917027072)	(65, 34.29886989414218)	(70, 34.099113832773746)	(75, 33.97244515255629)	(80, 33.844601880295514)	(85, 33.75028308413734)	(90, 33.5845127784615)	(95, 33.45084557860734)	(100, 33.233505505268774)	(105, 33.001960164101135)	(110, 32.554704771310185)	(115, 32.28149964730247)	(120, 31.88847638603479)	(125, 31.396211444549834)	(130, 31.12142250572934)	(135, 30.3495100359425)	(140, 29.795167201220767)	(145, 29.4184813194441)	(150, 26.937467423256976)
