Sample	0	1	2	3	4	5	6	7	8	9	10	11	12	13	14	15
SRR5898908_1	(1.0, 98.047)	(2.0, 1.8880000000000001)	(3.0, 0.021)	(4.0, 0.0)	(5.0, 0.005)	(6.0, 0.0)	(7.0, 0.0)	(8.0, 0.0)	(9.0, 0.0)	('>10', 0.039)	('>50', 0.0)	('>100', 0.0)	('>500', 0.0)	('>1k', 0.0)	('>5k', 0.0)	('>10k+', 0.0)
SRR5898908_2	(1.0, 98.187)	(2.0, 1.7340000000000002)	(3.0, 0.021)	(4.0, 0.008)	(5.0, 0.0)	(6.0, 0.0)	(7.0, 0.0)	(8.0, 0.0)	(9.0, 0.0)	('>10', 0.05)	('>50', 0.0)	('>100', 0.0)	('>500', 0.0)	('>1k', 0.0)	('>5k', 0.0)	('>10k+', 0.0)
SRR5898909_1	(1.0, 97.59400000000001)	(2.0, 2.294)	(3.0, 0.06)	(4.0, 0.004)	(5.0, 0.0)	(6.0, 0.0)	(7.0, 0.0)	(8.0, 0.0)	(9.0, 0.0)	('>10', 0.048)	('>50', 0.0)	('>100', 0.0)	('>500', 0.0)	('>1k', 0.0)	('>5k', 0.0)	('>10k+', 0.0)
SRR5898909_2	(1.0, 97.8)	(2.0, 2.072)	(3.0, 0.056999999999999995)	(4.0, 0.004)	(5.0, 0.005)	(6.0, 0.006)	(7.0, 0.0)	(8.0, 0.0)	(9.0, 0.0)	('>10', 0.055999999999999994)	('>50', 0.0)	('>100', 0.0)	('>500', 0.0)	('>1k', 0.0)	('>5k', 0.0)	('>10k+', 0.0)
SRR5898910_1	(1.0, 98.34)	(2.0, 1.598)	(3.0, 0.054)	(4.0, 0.008)	(5.0, 0.0)	(6.0, 0.0)	(7.0, 0.0)	(8.0, 0.0)	(9.0, 0.0)	('>10', 0.0)	('>50', 0.0)	('>100', 0.0)	('>500', 0.0)	('>1k', 0.0)	('>5k', 0.0)	('>10k+', 0.0)
SRR5898910_2	(1.0, 98.26)	(2.0, 1.646)	(3.0, 0.056999999999999995)	(4.0, 0.016)	(5.0, 0.005)	(6.0, 0.0)	(7.0, 0.0)	(8.0, 0.0)	(9.0, 0.0)	('>10', 0.016)	('>50', 0.0)	('>100', 0.0)	('>500', 0.0)	('>1k', 0.0)	('>5k', 0.0)	('>10k+', 0.0)
SRR5898911_1	(1.0, 96.985)	(2.0, 2.81)	(3.0, 0.13799999999999998)	(4.0, 0.02)	(5.0, 0.0)	(6.0, 0.006)	(7.0, 0.0)	(8.0, 0.0)	(9.0, 0.0)	('>10', 0.041)	('>50', 0.0)	('>100', 0.0)	('>500', 0.0)	('>1k', 0.0)	('>5k', 0.0)	('>10k+', 0.0)
SRR5898911_2	(1.0, 97.33500000000001)	(2.0, 2.486)	(3.0, 0.108)	(4.0, 0.012)	(5.0, 0.005)	(6.0, 0.0)	(7.0, 0.0)	(8.0, 0.0)	(9.0, 0.0)	('>10', 0.054)	('>50', 0.0)	('>100', 0.0)	('>500', 0.0)	('>1k', 0.0)	('>5k', 0.0)	('>10k+', 0.0)
SRR5898912_1	(1.0, 97.232)	(2.0, 2.5919999999999996)	(3.0, 0.14100000000000001)	(4.0, 0.02)	(5.0, 0.015)	(6.0, 0.0)	(7.0, 0.0)	(8.0, 0.0)	(9.0, 0.0)	('>10', 0.0)	('>50', 0.0)	('>100', 0.0)	('>500', 0.0)	('>1k', 0.0)	('>5k', 0.0)	('>10k+', 0.0)
SRR5898912_2	(1.0, 97.436)	(2.0, 2.404)	(3.0, 0.10200000000000001)	(4.0, 0.027999999999999997)	(5.0, 0.005)	(6.0, 0.0)	(7.0, 0.006999999999999999)	(8.0, 0.0)	(9.0, 0.0)	('>10', 0.018000000000000002)	('>50', 0.0)	('>100', 0.0)	('>500', 0.0)	('>1k', 0.0)	('>5k', 0.0)	('>10k+', 0.0)
SRR5898920_1	(1.0, 98.544)	(2.0, 1.434)	(3.0, 0.018000000000000002)	(4.0, 0.004)	(5.0, 0.0)	(6.0, 0.0)	(7.0, 0.0)	(8.0, 0.0)	(9.0, 0.0)	('>10', 0.0)	('>50', 0.0)	('>100', 0.0)	('>500', 0.0)	('>1k', 0.0)	('>5k', 0.0)	('>10k+', 0.0)
SRR5898920_2	(1.0, 98.56700000000001)	(2.0, 1.4080000000000001)	(3.0, 0.009000000000000001)	(4.0, 0.0)	(5.0, 0.0)	(6.0, 0.0)	(7.0, 0.0)	(8.0, 0.0)	(9.0, 0.0)	('>10', 0.016)	('>50', 0.0)	('>100', 0.0)	('>500', 0.0)	('>1k', 0.0)	('>5k', 0.0)	('>10k+', 0.0)
SRR5898921_1	(1.0, 98.268)	(2.0, 1.6320000000000001)	(3.0, 0.075)	(4.0, 0.008)	(5.0, 0.01)	(6.0, 0.0)	(7.0, 0.006999999999999999)	(8.0, 0.0)	(9.0, 0.0)	('>10', 0.0)	('>50', 0.0)	('>100', 0.0)	('>500', 0.0)	('>1k', 0.0)	('>5k', 0.0)	('>10k+', 0.0)
SRR5898921_2	(1.0, 98.317)	(2.0, 1.5779999999999998)	(3.0, 0.075)	(4.0, 0.012)	(5.0, 0.005)	(6.0, 0.0)	(7.0, 0.0)	(8.0, 0.0)	(9.0, 0.0)	('>10', 0.013)	('>50', 0.0)	('>100', 0.0)	('>500', 0.0)	('>1k', 0.0)	('>5k', 0.0)	('>10k+', 0.0)
SRR5898922_1	(1.0, 98.505)	(2.0, 1.47)	(3.0, 0.021)	(4.0, 0.004)	(5.0, 0.0)	(6.0, 0.0)	(7.0, 0.0)	(8.0, 0.0)	(9.0, 0.0)	('>10', 0.0)	('>50', 0.0)	('>100', 0.0)	('>500', 0.0)	('>1k', 0.0)	('>5k', 0.0)	('>10k+', 0.0)
SRR5898922_2	(1.0, 98.462)	(2.0, 1.512)	(3.0, 0.015)	(4.0, 0.0)	(5.0, 0.0)	(6.0, 0.0)	(7.0, 0.0)	(8.0, 0.0)	(9.0, 0.0)	('>10', 0.011000000000000001)	('>50', 0.0)	('>100', 0.0)	('>500', 0.0)	('>1k', 0.0)	('>5k', 0.0)	('>10k+', 0.0)
SRR5898923_1	(1.0, 98.257)	(2.0, 1.6500000000000001)	(3.0, 0.066)	(4.0, 0.02)	(5.0, 0.0)	(6.0, 0.0)	(7.0, 0.006999999999999999)	(8.0, 0.0)	(9.0, 0.0)	('>10', 0.0)	('>50', 0.0)	('>100', 0.0)	('>500', 0.0)	('>1k', 0.0)	('>5k', 0.0)	('>10k+', 0.0)
SRR5898923_2	(1.0, 98.327)	(2.0, 1.574)	(3.0, 0.07200000000000001)	(4.0, 0.012)	(5.0, 0.0)	(6.0, 0.0)	(7.0, 0.0)	(8.0, 0.0)	(9.0, 0.0)	('>10', 0.015)	('>50', 0.0)	('>100', 0.0)	('>500', 0.0)	('>1k', 0.0)	('>5k', 0.0)	('>10k+', 0.0)
SRR5898924_1	(1.0, 98.182)	(2.0, 1.79)	(3.0, 0.024)	(4.0, 0.004)	(5.0, 0.0)	(6.0, 0.0)	(7.0, 0.0)	(8.0, 0.0)	(9.0, 0.0)	('>10', 0.0)	('>50', 0.0)	('>100', 0.0)	('>500', 0.0)	('>1k', 0.0)	('>5k', 0.0)	('>10k+', 0.0)
SRR5898924_2	(1.0, 98.33800000000001)	(2.0, 1.6019999999999999)	(3.0, 0.051000000000000004)	(4.0, 0.0)	(5.0, 0.0)	(6.0, 0.0)	(7.0, 0.0)	(8.0, 0.0)	(9.0, 0.009000000000000001)	('>10', 0.0)	('>50', 0.0)	('>100', 0.0)	('>500', 0.0)	('>1k', 0.0)	('>5k', 0.0)	('>10k+', 0.0)
SRR5898925_1	(1.0, 97.748)	(2.0, 2.1239999999999997)	(3.0, 0.11399999999999999)	(4.0, 0.004)	(5.0, 0.01)	(6.0, 0.0)	(7.0, 0.0)	(8.0, 0.0)	(9.0, 0.0)	('>10', 0.0)	('>50', 0.0)	('>100', 0.0)	('>500', 0.0)	('>1k', 0.0)	('>5k', 0.0)	('>10k+', 0.0)
SRR5898925_2	(1.0, 97.63199999999999)	(2.0, 2.236)	(3.0, 0.09)	(4.0, 0.02)	(5.0, 0.005)	(6.0, 0.0)	(7.0, 0.0)	(8.0, 0.0)	(9.0, 0.0)	('>10', 0.017)	('>50', 0.0)	('>100', 0.0)	('>500', 0.0)	('>1k', 0.0)	('>5k', 0.0)	('>10k+', 0.0)
SRR5898926_1	(1.0, 98.397)	(2.0, 1.554)	(3.0, 0.045)	(4.0, 0.004)	(5.0, 0.0)	(6.0, 0.0)	(7.0, 0.0)	(8.0, 0.0)	(9.0, 0.0)	('>10', 0.0)	('>50', 0.0)	('>100', 0.0)	('>500', 0.0)	('>1k', 0.0)	('>5k', 0.0)	('>10k+', 0.0)
SRR5898926_2	(1.0, 98.397)	(2.0, 1.5559999999999998)	(3.0, 0.027)	(4.0, 0.004)	(5.0, 0.0)	(6.0, 0.0)	(7.0, 0.0)	(8.0, 0.0)	(9.0, 0.0)	('>10', 0.016)	('>50', 0.0)	('>100', 0.0)	('>500', 0.0)	('>1k', 0.0)	('>5k', 0.0)	('>10k+', 0.0)
SRR5898948_1	(1.0, 98.115)	(2.0, 1.7160000000000002)	(3.0, 0.11100000000000002)	(4.0, 0.027999999999999997)	(5.0, 0.03)	(6.0, 0.0)	(7.0, 0.0)	(8.0, 0.0)	(9.0, 0.0)	('>10', 0.0)	('>50', 0.0)	('>100', 0.0)	('>500', 0.0)	('>1k', 0.0)	('>5k', 0.0)	('>10k+', 0.0)
SRR5898948_2	(1.0, 97.917)	(2.0, 1.9220000000000002)	(3.0, 0.099)	(4.0, 0.016)	(5.0, 0.03)	(6.0, 0.0)	(7.0, 0.006999999999999999)	(8.0, 0.0)	(9.0, 0.009000000000000001)	('>10', 0.0)	('>50', 0.0)	('>100', 0.0)	('>500', 0.0)	('>1k', 0.0)	('>5k', 0.0)	('>10k+', 0.0)
SRR5898950_1	(1.0, 98.233)	(2.0, 1.728)	(3.0, 0.039)	(4.0, 0.0)	(5.0, 0.0)	(6.0, 0.0)	(7.0, 0.0)	(8.0, 0.0)	(9.0, 0.0)	('>10', 0.0)	('>50', 0.0)	('>100', 0.0)	('>500', 0.0)	('>1k', 0.0)	('>5k', 0.0)	('>10k+', 0.0)
SRR5898950_2	(1.0, 97.991)	(2.0, 1.9539999999999997)	(3.0, 0.042)	(4.0, 0.0)	(5.0, 0.005)	(6.0, 0.0)	(7.0, 0.0)	(8.0, 0.008)	(9.0, 0.0)	('>10', 0.0)	('>50', 0.0)	('>100', 0.0)	('>500', 0.0)	('>1k', 0.0)	('>5k', 0.0)	('>10k+', 0.0)
SRR5898954_1	(1.0, 77.826)	(2.0, 10.725999999999999)	(3.0, 4.929)	(4.0, 2.528)	(5.0, 1.44)	(6.0, 1.05)	(7.0, 0.49)	(8.0, 0.40800000000000003)	(9.0, 0.17099999999999999)	('>10', 0.432)	('>50', 0.0)	('>100', 0.0)	('>500', 0.0)	('>1k', 0.0)	('>5k', 0.0)	('>10k+', 0.0)
SRR5898954_2	(1.0, 77.957)	(2.0, 10.66)	(3.0, 4.995)	(4.0, 2.544)	(5.0, 1.5150000000000001)	(6.0, 0.7080000000000001)	(7.0, 0.49699999999999994)	(8.0, 0.312)	(9.0, 0.28800000000000003)	('>10', 0.524)	('>50', 0.0)	('>100', 0.0)	('>500', 0.0)	('>1k', 0.0)	('>5k', 0.0)	('>10k+', 0.0)
SRR5898966_1	(1.0, 97.63300000000001)	(2.0, 2.2239999999999998)	(3.0, 0.105)	(4.0, 0.027999999999999997)	(5.0, 0.01)	(6.0, 0.0)	(7.0, 0.0)	(8.0, 0.0)	(9.0, 0.0)	('>10', 0.0)	('>50', 0.0)	('>100', 0.0)	('>500', 0.0)	('>1k', 0.0)	('>5k', 0.0)	('>10k+', 0.0)
SRR5898966_2	(1.0, 97.494)	(2.0, 2.352)	(3.0, 0.12)	(4.0, 0.02)	(5.0, 0.005)	(6.0, 0.0)	(7.0, 0.0)	(8.0, 0.0)	(9.0, 0.009000000000000001)	('>10', 0.0)	('>50', 0.0)	('>100', 0.0)	('>500', 0.0)	('>1k', 0.0)	('>5k', 0.0)	('>10k+', 0.0)
SRR5898978_1	(1.0, 96.39)	(2.0, 3.3160000000000003)	(3.0, 0.231)	(4.0, 0.044000000000000004)	(5.0, 0.01)	(6.0, 0.0)	(7.0, 0.0)	(8.0, 0.0)	(9.0, 0.009000000000000001)	('>10', 0.0)	('>50', 0.0)	('>100', 0.0)	('>500', 0.0)	('>1k', 0.0)	('>5k', 0.0)	('>10k+', 0.0)
SRR5898978_2	(1.0, 96.634)	(2.0, 3.074)	(3.0, 0.22200000000000003)	(4.0, 0.032)	(5.0, 0.005)	(6.0, 0.012)	(7.0, 0.006999999999999999)	(8.0, 0.0)	(9.0, 0.0)	('>10', 0.013999999999999999)	('>50', 0.0)	('>100', 0.0)	('>500', 0.0)	('>1k', 0.0)	('>5k', 0.0)	('>10k+', 0.0)
SRR5898979_1	(1.0, 97.222)	(2.0, 2.562)	(3.0, 0.17700000000000002)	(4.0, 0.027999999999999997)	(5.0, 0.005)	(6.0, 0.006)	(7.0, 0.0)	(8.0, 0.0)	(9.0, 0.0)	('>10', 0.0)	('>50', 0.0)	('>100', 0.0)	('>500', 0.0)	('>1k', 0.0)	('>5k', 0.0)	('>10k+', 0.0)
SRR5898979_2	(1.0, 96.905)	(2.0, 2.822)	(3.0, 0.189)	(4.0, 0.048)	(5.0, 0.01)	(6.0, 0.012)	(7.0, 0.0)	(8.0, 0.0)	(9.0, 0.0)	('>10', 0.013999999999999999)	('>50', 0.0)	('>100', 0.0)	('>500', 0.0)	('>1k', 0.0)	('>5k', 0.0)	('>10k+', 0.0)
SRR5898980_1	(1.0, 98.181)	(2.0, 1.7500000000000002)	(3.0, 0.056999999999999995)	(4.0, 0.012)	(5.0, 0.0)	(6.0, 0.0)	(7.0, 0.0)	(8.0, 0.0)	(9.0, 0.0)	('>10', 0.0)	('>50', 0.0)	('>100', 0.0)	('>500', 0.0)	('>1k', 0.0)	('>5k', 0.0)	('>10k+', 0.0)
SRR5898980_2	(1.0, 97.858)	(2.0, 2.068)	(3.0, 0.056999999999999995)	(4.0, 0.008)	(5.0, 0.0)	(6.0, 0.0)	(7.0, 0.0)	(8.0, 0.0)	(9.0, 0.009000000000000001)	('>10', 0.0)	('>50', 0.0)	('>100', 0.0)	('>500', 0.0)	('>1k', 0.0)	('>5k', 0.0)	('>10k+', 0.0)
SRR5898981_1	(1.0, 97.982)	(2.0, 1.966)	(3.0, 0.048)	(4.0, 0.004)	(5.0, 0.0)	(6.0, 0.0)	(7.0, 0.0)	(8.0, 0.0)	(9.0, 0.0)	('>10', 0.0)	('>50', 0.0)	('>100', 0.0)	('>500', 0.0)	('>1k', 0.0)	('>5k', 0.0)	('>10k+', 0.0)
SRR5898981_2	(1.0, 98.143)	(2.0, 1.812)	(3.0, 0.027)	(4.0, 0.008)	(5.0, 0.0)	(6.0, 0.0)	(7.0, 0.0)	(8.0, 0.0)	(9.0, 0.0)	('>10', 0.01)	('>50', 0.0)	('>100', 0.0)	('>500', 0.0)	('>1k', 0.0)	('>5k', 0.0)	('>10k+', 0.0)
SRR5898982_1	(1.0, 97.72800000000001)	(2.0, 2.1919999999999997)	(3.0, 0.075)	(4.0, 0.0)	(5.0, 0.005)	(6.0, 0.0)	(7.0, 0.0)	(8.0, 0.0)	(9.0, 0.0)	('>10', 0.0)	('>50', 0.0)	('>100', 0.0)	('>500', 0.0)	('>1k', 0.0)	('>5k', 0.0)	('>10k+', 0.0)
SRR5898982_2	(1.0, 97.872)	(2.0, 2.022)	(3.0, 0.08099999999999999)	(4.0, 0.008)	(5.0, 0.0)	(6.0, 0.0)	(7.0, 0.0)	(8.0, 0.0)	(9.0, 0.0)	('>10', 0.017)	('>50', 0.0)	('>100', 0.0)	('>500', 0.0)	('>1k', 0.0)	('>5k', 0.0)	('>10k+', 0.0)
SRR5898983_1	(1.0, 91.877)	(2.0, 7.058000000000001)	(3.0, 0.831)	(4.0, 0.16)	(5.0, 0.05)	(6.0, 0.006)	(7.0, 0.0)	(8.0, 0.008)	(9.0, 0.0)	('>10', 0.01)	('>50', 0.0)	('>100', 0.0)	('>500', 0.0)	('>1k', 0.0)	('>5k', 0.0)	('>10k+', 0.0)
SRR5898983_2	(1.0, 92.659)	(2.0, 6.36)	(3.0, 0.72)	(4.0, 0.136)	(5.0, 0.055)	(6.0, 0.024)	(7.0, 0.021)	(8.0, 0.0)	(9.0, 0.0)	('>10', 0.025)	('>50', 0.0)	('>100', 0.0)	('>500', 0.0)	('>1k', 0.0)	('>5k', 0.0)	('>10k+', 0.0)
SRR5898984_1	(1.0, 97.179)	(2.0, 2.618)	(3.0, 0.17700000000000002)	(4.0, 0.016)	(5.0, 0.01)	(6.0, 0.0)	(7.0, 0.0)	(8.0, 0.0)	(9.0, 0.0)	('>10', 0.0)	('>50', 0.0)	('>100', 0.0)	('>500', 0.0)	('>1k', 0.0)	('>5k', 0.0)	('>10k+', 0.0)
SRR5898984_2	(1.0, 97.063)	(2.0, 2.752)	(3.0, 0.135)	(4.0, 0.024)	(5.0, 0.005)	(6.0, 0.0)	(7.0, 0.006999999999999999)	(8.0, 0.0)	(9.0, 0.0)	('>10', 0.013999999999999999)	('>50', 0.0)	('>100', 0.0)	('>500', 0.0)	('>1k', 0.0)	('>5k', 0.0)	('>10k+', 0.0)
SRR5898985_1	(1.0, 94.907)	(2.0, 3.7560000000000002)	(3.0, 0.771)	(4.0, 0.292)	(5.0, 0.11499999999999999)	(6.0, 0.09)	(7.0, 0.042)	(8.0, 0.016)	(9.0, 0.0)	('>10', 0.011000000000000001)	('>50', 0.0)	('>100', 0.0)	('>500', 0.0)	('>1k', 0.0)	('>5k', 0.0)	('>10k+', 0.0)
SRR5898985_2	(1.0, 95.222)	(2.0, 3.524)	(3.0, 0.699)	(4.0, 0.27999999999999997)	(5.0, 0.12)	(6.0, 0.054)	(7.0, 0.021)	(8.0, 0.032)	(9.0, 0.036000000000000004)	('>10', 0.012)	('>50', 0.0)	('>100', 0.0)	('>500', 0.0)	('>1k', 0.0)	('>5k', 0.0)	('>10k+', 0.0)
SRR5898986_1	(1.0, 97.101)	(2.0, 2.734)	(3.0, 0.135)	(4.0, 0.02)	(5.0, 0.01)	(6.0, 0.0)	(7.0, 0.0)	(8.0, 0.0)	(9.0, 0.0)	('>10', 0.0)	('>50', 0.0)	('>100', 0.0)	('>500', 0.0)	('>1k', 0.0)	('>5k', 0.0)	('>10k+', 0.0)
SRR5898986_2	(1.0, 96.799)	(2.0, 2.932)	(3.0, 0.201)	(4.0, 0.04)	(5.0, 0.02)	(6.0, 0.0)	(7.0, 0.0)	(8.0, 0.008)	(9.0, 0.0)	('>10', 0.0)	('>50', 0.0)	('>100', 0.0)	('>500', 0.0)	('>1k', 0.0)	('>5k', 0.0)	('>10k+', 0.0)
SRR5898987_1	(1.0, 97.898)	(2.0, 2.0660000000000003)	(3.0, 0.036000000000000004)	(4.0, 0.0)	(5.0, 0.0)	(6.0, 0.0)	(7.0, 0.0)	(8.0, 0.0)	(9.0, 0.0)	('>10', 0.0)	('>50', 0.0)	('>100', 0.0)	('>500', 0.0)	('>1k', 0.0)	('>5k', 0.0)	('>10k+', 0.0)
SRR5898987_2	(1.0, 98.122)	(2.0, 1.8419999999999999)	(3.0, 0.024)	(4.0, 0.0)	(5.0, 0.0)	(6.0, 0.0)	(7.0, 0.0)	(8.0, 0.0)	(9.0, 0.0)	('>10', 0.012)	('>50', 0.0)	('>100', 0.0)	('>500', 0.0)	('>1k', 0.0)	('>5k', 0.0)	('>10k+', 0.0)
SRR5899005_1	(1.0, 98.127)	(2.0, 1.8419999999999999)	(3.0, 0.018000000000000002)	(4.0, 0.008)	(5.0, 0.005)	(6.0, 0.0)	(7.0, 0.0)	(8.0, 0.0)	(9.0, 0.0)	('>10', 0.0)	('>50', 0.0)	('>100', 0.0)	('>500', 0.0)	('>1k', 0.0)	('>5k', 0.0)	('>10k+', 0.0)
SRR5899005_2	(1.0, 98.32600000000001)	(2.0, 1.6320000000000001)	(3.0, 0.021)	(4.0, 0.004)	(5.0, 0.0)	(6.0, 0.0)	(7.0, 0.0)	(8.0, 0.0)	(9.0, 0.0)	('>10', 0.017)	('>50', 0.0)	('>100', 0.0)	('>500', 0.0)	('>1k', 0.0)	('>5k', 0.0)	('>10k+', 0.0)
SRR5899006_1	(1.0, 97.99600000000001)	(2.0, 1.9619999999999997)	(3.0, 0.042)	(4.0, 0.0)	(5.0, 0.0)	(6.0, 0.0)	(7.0, 0.0)	(8.0, 0.0)	(9.0, 0.0)	('>10', 0.0)	('>50', 0.0)	('>100', 0.0)	('>500', 0.0)	('>1k', 0.0)	('>5k', 0.0)	('>10k+', 0.0)
SRR5899006_2	(1.0, 98.20400000000001)	(2.0, 1.746)	(3.0, 0.024)	(4.0, 0.004)	(5.0, 0.005)	(6.0, 0.0)	(7.0, 0.0)	(8.0, 0.0)	(9.0, 0.0)	('>10', 0.017)	('>50', 0.0)	('>100', 0.0)	('>500', 0.0)	('>1k', 0.0)	('>5k', 0.0)	('>10k+', 0.0)
SRR5899007_1	(1.0, 96.74000000000001)	(2.0, 3.1300000000000003)	(3.0, 0.126)	(4.0, 0.004)	(5.0, 0.0)	(6.0, 0.0)	(7.0, 0.0)	(8.0, 0.0)	(9.0, 0.0)	('>10', 0.0)	('>50', 0.0)	('>100', 0.0)	('>500', 0.0)	('>1k', 0.0)	('>5k', 0.0)	('>10k+', 0.0)
SRR5899007_2	(1.0, 97.114)	(2.0, 2.74)	(3.0, 0.117)	(4.0, 0.008)	(5.0, 0.0)	(6.0, 0.0)	(7.0, 0.0)	(8.0, 0.0)	(9.0, 0.0)	('>10', 0.021)	('>50', 0.0)	('>100', 0.0)	('>500', 0.0)	('>1k', 0.0)	('>5k', 0.0)	('>10k+', 0.0)
SRR5899017_1	(1.0, 98.68299999999999)	(2.0, 1.302)	(3.0, 0.015)	(4.0, 0.0)	(5.0, 0.0)	(6.0, 0.0)	(7.0, 0.0)	(8.0, 0.0)	(9.0, 0.0)	('>10', 0.0)	('>50', 0.0)	('>100', 0.0)	('>500', 0.0)	('>1k', 0.0)	('>5k', 0.0)	('>10k+', 0.0)
SRR5899017_2	(1.0, 98.42)	(2.0, 1.532)	(3.0, 0.039)	(4.0, 0.0)	(5.0, 0.0)	(6.0, 0.0)	(7.0, 0.0)	(8.0, 0.0)	(9.0, 0.009000000000000001)	('>10', 0.0)	('>50', 0.0)	('>100', 0.0)	('>500', 0.0)	('>1k', 0.0)	('>5k', 0.0)	('>10k+', 0.0)
SRR8865572_1	(1.0, 97.273)	(2.0, 2.664)	(3.0, 0.063)	(4.0, 0.0)	(5.0, 0.0)	(6.0, 0.0)	(7.0, 0.0)	(8.0, 0.0)	(9.0, 0.0)	('>10', 0.0)	('>50', 0.0)	('>100', 0.0)	('>500', 0.0)	('>1k', 0.0)	('>5k', 0.0)	('>10k+', 0.0)
SRR8865572_2	(1.0, 97.36399999999999)	(2.0, 2.564)	(3.0, 0.07200000000000001)	(4.0, 0.0)	(5.0, 0.0)	(6.0, 0.0)	(7.0, 0.0)	(8.0, 0.0)	(9.0, 0.0)	('>10', 0.0)	('>50', 0.0)	('>100', 0.0)	('>500', 0.0)	('>1k', 0.0)	('>5k', 0.0)	('>10k+', 0.0)
SRR8865573_1	(1.0, 98.113)	(2.0, 1.8780000000000001)	(3.0, 0.009000000000000001)	(4.0, 0.0)	(5.0, 0.0)	(6.0, 0.0)	(7.0, 0.0)	(8.0, 0.0)	(9.0, 0.0)	('>10', 0.0)	('>50', 0.0)	('>100', 0.0)	('>500', 0.0)	('>1k', 0.0)	('>5k', 0.0)	('>10k+', 0.0)
SRR8865573_2	(1.0, 98.039)	(2.0, 1.94)	(3.0, 0.021)	(4.0, 0.0)	(5.0, 0.0)	(6.0, 0.0)	(7.0, 0.0)	(8.0, 0.0)	(9.0, 0.0)	('>10', 0.0)	('>50', 0.0)	('>100', 0.0)	('>500', 0.0)	('>1k', 0.0)	('>5k', 0.0)	('>10k+', 0.0)
SRR8865574_1	(1.0, 91.292)	(2.0, 6.632000000000001)	(3.0, 1.401)	(4.0, 0.4)	(5.0, 0.20500000000000002)	(6.0, 0.054)	(7.0, 0.006999999999999999)	(8.0, 0.0)	(9.0, 0.009000000000000001)	('>10', 0.0)	('>50', 0.0)	('>100', 0.0)	('>500', 0.0)	('>1k', 0.0)	('>5k', 0.0)	('>10k+', 0.0)
SRR8865574_2	(1.0, 91.33099999999999)	(2.0, 6.646000000000001)	(3.0, 1.365)	(4.0, 0.40800000000000003)	(5.0, 0.155)	(6.0, 0.066)	(7.0, 0.021)	(8.0, 0.008)	(9.0, 0.0)	('>10', 0.0)	('>50', 0.0)	('>100', 0.0)	('>500', 0.0)	('>1k', 0.0)	('>5k', 0.0)	('>10k+', 0.0)
SRR8865575_1	(1.0, 97.411)	(2.0, 2.532)	(3.0, 0.056999999999999995)	(4.0, 0.0)	(5.0, 0.0)	(6.0, 0.0)	(7.0, 0.0)	(8.0, 0.0)	(9.0, 0.0)	('>10', 0.0)	('>50', 0.0)	('>100', 0.0)	('>500', 0.0)	('>1k', 0.0)	('>5k', 0.0)	('>10k+', 0.0)
SRR8865575_2	(1.0, 97.53399999999999)	(2.0, 2.414)	(3.0, 0.048)	(4.0, 0.004)	(5.0, 0.0)	(6.0, 0.0)	(7.0, 0.0)	(8.0, 0.0)	(9.0, 0.0)	('>10', 0.0)	('>50', 0.0)	('>100', 0.0)	('>500', 0.0)	('>1k', 0.0)	('>5k', 0.0)	('>10k+', 0.0)
SRR8865576_1	(1.0, 91.403)	(2.0, 6.664000000000001)	(3.0, 1.2630000000000001)	(4.0, 0.428)	(5.0, 0.155)	(6.0, 0.054)	(7.0, 0.013999999999999999)	(8.0, 0.008)	(9.0, 0.0)	('>10', 0.011000000000000001)	('>50', 0.0)	('>100', 0.0)	('>500', 0.0)	('>1k', 0.0)	('>5k', 0.0)	('>10k+', 0.0)
SRR8865576_2	(1.0, 91.217)	(2.0, 6.723999999999999)	(3.0, 1.413)	(4.0, 0.40800000000000003)	(5.0, 0.105)	(6.0, 0.078)	(7.0, 0.027999999999999997)	(8.0, 0.008)	(9.0, 0.009000000000000001)	('>10', 0.01)	('>50', 0.0)	('>100', 0.0)	('>500', 0.0)	('>1k', 0.0)	('>5k', 0.0)	('>10k+', 0.0)
SRR8865577_1	(1.0, 97.792)	(2.0, 2.196)	(3.0, 0.012)	(4.0, 0.0)	(5.0, 0.0)	(6.0, 0.0)	(7.0, 0.0)	(8.0, 0.0)	(9.0, 0.0)	('>10', 0.0)	('>50', 0.0)	('>100', 0.0)	('>500', 0.0)	('>1k', 0.0)	('>5k', 0.0)	('>10k+', 0.0)
SRR8865577_2	(1.0, 97.834)	(2.0, 2.1479999999999997)	(3.0, 0.018000000000000002)	(4.0, 0.0)	(5.0, 0.0)	(6.0, 0.0)	(7.0, 0.0)	(8.0, 0.0)	(9.0, 0.0)	('>10', 0.0)	('>50', 0.0)	('>100', 0.0)	('>500', 0.0)	('>1k', 0.0)	('>5k', 0.0)	('>10k+', 0.0)
SRR8865578_1	(1.0, 97.70299999999999)	(2.0, 2.262)	(3.0, 0.027)	(4.0, 0.008)	(5.0, 0.0)	(6.0, 0.0)	(7.0, 0.0)	(8.0, 0.0)	(9.0, 0.0)	('>10', 0.0)	('>50', 0.0)	('>100', 0.0)	('>500', 0.0)	('>1k', 0.0)	('>5k', 0.0)	('>10k+', 0.0)
SRR8865578_2	(1.0, 97.746)	(2.0, 2.23)	(3.0, 0.024)	(4.0, 0.0)	(5.0, 0.0)	(6.0, 0.0)	(7.0, 0.0)	(8.0, 0.0)	(9.0, 0.0)	('>10', 0.0)	('>50', 0.0)	('>100', 0.0)	('>500', 0.0)	('>1k', 0.0)	('>5k', 0.0)	('>10k+', 0.0)
SRR8865579_1	(1.0, 97.565)	(2.0, 2.392)	(3.0, 0.039)	(4.0, 0.004)	(5.0, 0.0)	(6.0, 0.0)	(7.0, 0.0)	(8.0, 0.0)	(9.0, 0.0)	('>10', 0.0)	('>50', 0.0)	('>100', 0.0)	('>500', 0.0)	('>1k', 0.0)	('>5k', 0.0)	('>10k+', 0.0)
SRR8865579_2	(1.0, 97.61999999999999)	(2.0, 2.324)	(3.0, 0.048)	(4.0, 0.008)	(5.0, 0.0)	(6.0, 0.0)	(7.0, 0.0)	(8.0, 0.0)	(9.0, 0.0)	('>10', 0.0)	('>50', 0.0)	('>100', 0.0)	('>500', 0.0)	('>1k', 0.0)	('>5k', 0.0)	('>10k+', 0.0)
SRR8865580_1	(1.0, 97.85000000000001)	(2.0, 2.1260000000000003)	(3.0, 0.024)	(4.0, 0.0)	(5.0, 0.0)	(6.0, 0.0)	(7.0, 0.0)	(8.0, 0.0)	(9.0, 0.0)	('>10', 0.0)	('>50', 0.0)	('>100', 0.0)	('>500', 0.0)	('>1k', 0.0)	('>5k', 0.0)	('>10k+', 0.0)
SRR8865580_2	(1.0, 97.904)	(2.0, 2.084)	(3.0, 0.012)	(4.0, 0.0)	(5.0, 0.0)	(6.0, 0.0)	(7.0, 0.0)	(8.0, 0.0)	(9.0, 0.0)	('>10', 0.0)	('>50', 0.0)	('>100', 0.0)	('>500', 0.0)	('>1k', 0.0)	('>5k', 0.0)	('>10k+', 0.0)
SRR8865581_1	(1.0, 97.575)	(2.0, 2.382)	(3.0, 0.039)	(4.0, 0.004)	(5.0, 0.0)	(6.0, 0.0)	(7.0, 0.0)	(8.0, 0.0)	(9.0, 0.0)	('>10', 0.0)	('>50', 0.0)	('>100', 0.0)	('>500', 0.0)	('>1k', 0.0)	('>5k', 0.0)	('>10k+', 0.0)
SRR8865581_2	(1.0, 97.614)	(2.0, 2.344)	(3.0, 0.042)	(4.0, 0.0)	(5.0, 0.0)	(6.0, 0.0)	(7.0, 0.0)	(8.0, 0.0)	(9.0, 0.0)	('>10', 0.0)	('>50', 0.0)	('>100', 0.0)	('>500', 0.0)	('>1k', 0.0)	('>5k', 0.0)	('>10k+', 0.0)
SRR8865582_1	(1.0, 97.185)	(2.0, 2.7640000000000002)	(3.0, 0.051000000000000004)	(4.0, 0.0)	(5.0, 0.0)	(6.0, 0.0)	(7.0, 0.0)	(8.0, 0.0)	(9.0, 0.0)	('>10', 0.0)	('>50', 0.0)	('>100', 0.0)	('>500', 0.0)	('>1k', 0.0)	('>5k', 0.0)	('>10k+', 0.0)
SRR8865582_2	(1.0, 97.265)	(2.0, 2.698)	(3.0, 0.033)	(4.0, 0.004)	(5.0, 0.0)	(6.0, 0.0)	(7.0, 0.0)	(8.0, 0.0)	(9.0, 0.0)	('>10', 0.0)	('>50', 0.0)	('>100', 0.0)	('>500', 0.0)	('>1k', 0.0)	('>5k', 0.0)	('>10k+', 0.0)
SRR8865583_1	(1.0, 97.94)	(2.0, 2.0420000000000003)	(3.0, 0.018000000000000002)	(4.0, 0.0)	(5.0, 0.0)	(6.0, 0.0)	(7.0, 0.0)	(8.0, 0.0)	(9.0, 0.0)	('>10', 0.0)	('>50', 0.0)	('>100', 0.0)	('>500', 0.0)	('>1k', 0.0)	('>5k', 0.0)	('>10k+', 0.0)
SRR8865583_2	(1.0, 97.959)	(2.0, 2.008)	(3.0, 0.033)	(4.0, 0.0)	(5.0, 0.0)	(6.0, 0.0)	(7.0, 0.0)	(8.0, 0.0)	(9.0, 0.0)	('>10', 0.0)	('>50', 0.0)	('>100', 0.0)	('>500', 0.0)	('>1k', 0.0)	('>5k', 0.0)	('>10k+', 0.0)
SRR8865584_1	(1.0, 97.363)	(2.0, 2.5940000000000003)	(3.0, 0.039)	(4.0, 0.004)	(5.0, 0.0)	(6.0, 0.0)	(7.0, 0.0)	(8.0, 0.0)	(9.0, 0.0)	('>10', 0.0)	('>50', 0.0)	('>100', 0.0)	('>500', 0.0)	('>1k', 0.0)	('>5k', 0.0)	('>10k+', 0.0)
SRR8865584_2	(1.0, 97.421)	(2.0, 2.5420000000000003)	(3.0, 0.033)	(4.0, 0.004)	(5.0, 0.0)	(6.0, 0.0)	(7.0, 0.0)	(8.0, 0.0)	(9.0, 0.0)	('>10', 0.0)	('>50', 0.0)	('>100', 0.0)	('>500', 0.0)	('>1k', 0.0)	('>5k', 0.0)	('>10k+', 0.0)
SRR8865585_1	(1.0, 97.38799999999999)	(2.0, 2.55)	(3.0, 0.045)	(4.0, 0.012)	(5.0, 0.005)	(6.0, 0.0)	(7.0, 0.0)	(8.0, 0.0)	(9.0, 0.0)	('>10', 0.0)	('>50', 0.0)	('>100', 0.0)	('>500', 0.0)	('>1k', 0.0)	('>5k', 0.0)	('>10k+', 0.0)
SRR8865585_2	(1.0, 97.59400000000001)	(2.0, 2.346)	(3.0, 0.06)	(4.0, 0.0)	(5.0, 0.0)	(6.0, 0.0)	(7.0, 0.0)	(8.0, 0.0)	(9.0, 0.0)	('>10', 0.0)	('>50', 0.0)	('>100', 0.0)	('>500', 0.0)	('>1k', 0.0)	('>5k', 0.0)	('>10k+', 0.0)
SRR8865586_1	(1.0, 97.073)	(2.0, 2.8400000000000003)	(3.0, 0.075)	(4.0, 0.012)	(5.0, 0.0)	(6.0, 0.0)	(7.0, 0.0)	(8.0, 0.0)	(9.0, 0.0)	('>10', 0.0)	('>50', 0.0)	('>100', 0.0)	('>500', 0.0)	('>1k', 0.0)	('>5k', 0.0)	('>10k+', 0.0)
SRR8865586_2	(1.0, 97.04599999999999)	(2.0, 2.87)	(3.0, 0.075)	(4.0, 0.004)	(5.0, 0.005)	(6.0, 0.0)	(7.0, 0.0)	(8.0, 0.0)	(9.0, 0.0)	('>10', 0.0)	('>50', 0.0)	('>100', 0.0)	('>500', 0.0)	('>1k', 0.0)	('>5k', 0.0)	('>10k+', 0.0)
SRR8865587_1	(1.0, 92.958)	(2.0, 6.106)	(3.0, 0.687)	(4.0, 0.164)	(5.0, 0.055)	(6.0, 0.03)	(7.0, 0.0)	(8.0, 0.0)	(9.0, 0.0)	('>10', 0.0)	('>50', 0.0)	('>100', 0.0)	('>500', 0.0)	('>1k', 0.0)	('>5k', 0.0)	('>10k+', 0.0)
SRR8865587_2	(1.0, 92.88300000000001)	(2.0, 6.098)	(3.0, 0.711)	(4.0, 0.192)	(5.0, 0.065)	(6.0, 0.024)	(7.0, 0.006999999999999999)	(8.0, 0.008)	(9.0, 0.0)	('>10', 0.012)	('>50', 0.0)	('>100', 0.0)	('>500', 0.0)	('>1k', 0.0)	('>5k', 0.0)	('>10k+', 0.0)
SRR8865588_1	(1.0, 96.013)	(2.0, 3.71)	(3.0, 0.20400000000000001)	(4.0, 0.048)	(5.0, 0.015)	(6.0, 0.0)	(7.0, 0.0)	(8.0, 0.0)	(9.0, 0.0)	('>10', 0.01)	('>50', 0.0)	('>100', 0.0)	('>500', 0.0)	('>1k', 0.0)	('>5k', 0.0)	('>10k+', 0.0)
SRR8865588_2	(1.0, 96.044)	(2.0, 3.676)	(3.0, 0.213)	(4.0, 0.027999999999999997)	(5.0, 0.015)	(6.0, 0.006)	(7.0, 0.006999999999999999)	(8.0, 0.0)	(9.0, 0.0)	('>10', 0.011000000000000001)	('>50', 0.0)	('>100', 0.0)	('>500', 0.0)	('>1k', 0.0)	('>5k', 0.0)	('>10k+', 0.0)
SRR8865589_1	(1.0, 97.28999999999999)	(2.0, 2.65)	(3.0, 0.06)	(4.0, 0.0)	(5.0, 0.0)	(6.0, 0.0)	(7.0, 0.0)	(8.0, 0.0)	(9.0, 0.0)	('>10', 0.0)	('>50', 0.0)	('>100', 0.0)	('>500', 0.0)	('>1k', 0.0)	('>5k', 0.0)	('>10k+', 0.0)
SRR8865589_2	(1.0, 97.408)	(2.0, 2.54)	(3.0, 0.048)	(4.0, 0.004)	(5.0, 0.0)	(6.0, 0.0)	(7.0, 0.0)	(8.0, 0.0)	(9.0, 0.0)	('>10', 0.0)	('>50', 0.0)	('>100', 0.0)	('>500', 0.0)	('>1k', 0.0)	('>5k', 0.0)	('>10k+', 0.0)
SRR8865590_1	(1.0, 97.843)	(2.0, 2.108)	(3.0, 0.045)	(4.0, 0.004)	(5.0, 0.0)	(6.0, 0.0)	(7.0, 0.0)	(8.0, 0.0)	(9.0, 0.0)	('>10', 0.0)	('>50', 0.0)	('>100', 0.0)	('>500', 0.0)	('>1k', 0.0)	('>5k', 0.0)	('>10k+', 0.0)
SRR8865590_2	(1.0, 97.87700000000001)	(2.0, 2.096)	(3.0, 0.027)	(4.0, 0.0)	(5.0, 0.0)	(6.0, 0.0)	(7.0, 0.0)	(8.0, 0.0)	(9.0, 0.0)	('>10', 0.0)	('>50', 0.0)	('>100', 0.0)	('>500', 0.0)	('>1k', 0.0)	('>5k', 0.0)	('>10k+', 0.0)
SRR8865591_1	(1.0, 96.731)	(2.0, 3.1260000000000003)	(3.0, 0.126)	(4.0, 0.012)	(5.0, 0.005)	(6.0, 0.0)	(7.0, 0.0)	(8.0, 0.0)	(9.0, 0.0)	('>10', 0.0)	('>50', 0.0)	('>100', 0.0)	('>500', 0.0)	('>1k', 0.0)	('>5k', 0.0)	('>10k+', 0.0)
SRR8865591_2	(1.0, 96.745)	(2.0, 3.136)	(3.0, 0.11100000000000002)	(4.0, 0.008)	(5.0, 0.0)	(6.0, 0.0)	(7.0, 0.0)	(8.0, 0.0)	(9.0, 0.0)	('>10', 0.0)	('>50', 0.0)	('>100', 0.0)	('>500', 0.0)	('>1k', 0.0)	('>5k', 0.0)	('>10k+', 0.0)
SRR8865592_1	(1.0, 96.313)	(2.0, 3.566)	(3.0, 0.108)	(4.0, 0.008)	(5.0, 0.005)	(6.0, 0.0)	(7.0, 0.0)	(8.0, 0.0)	(9.0, 0.0)	('>10', 0.0)	('>50', 0.0)	('>100', 0.0)	('>500', 0.0)	('>1k', 0.0)	('>5k', 0.0)	('>10k+', 0.0)
SRR8865592_2	(1.0, 96.419)	(2.0, 3.4520000000000004)	(3.0, 0.117)	(4.0, 0.012)	(5.0, 0.0)	(6.0, 0.0)	(7.0, 0.0)	(8.0, 0.0)	(9.0, 0.0)	('>10', 0.0)	('>50', 0.0)	('>100', 0.0)	('>500', 0.0)	('>1k', 0.0)	('>5k', 0.0)	('>10k+', 0.0)
SRR8865593_1	(1.0, 96.626)	(2.0, 3.1119999999999997)	(3.0, 0.186)	(4.0, 0.04)	(5.0, 0.03)	(6.0, 0.006)	(7.0, 0.0)	(8.0, 0.0)	(9.0, 0.0)	('>10', 0.0)	('>50', 0.0)	('>100', 0.0)	('>500', 0.0)	('>1k', 0.0)	('>5k', 0.0)	('>10k+', 0.0)
SRR8865593_2	(1.0, 96.607)	(2.0, 3.09)	(3.0, 0.213)	(4.0, 0.064)	(5.0, 0.02)	(6.0, 0.006)	(7.0, 0.0)	(8.0, 0.0)	(9.0, 0.0)	('>10', 0.0)	('>50', 0.0)	('>100', 0.0)	('>500', 0.0)	('>1k', 0.0)	('>5k', 0.0)	('>10k+', 0.0)
SRR8865594_1	(1.0, 97.638)	(2.0, 2.3)	(3.0, 0.048)	(4.0, 0.008)	(5.0, 0.0)	(6.0, 0.006)	(7.0, 0.0)	(8.0, 0.0)	(9.0, 0.0)	('>10', 0.0)	('>50', 0.0)	('>100', 0.0)	('>500', 0.0)	('>1k', 0.0)	('>5k', 0.0)	('>10k+', 0.0)
SRR8865594_2	(1.0, 97.772)	(2.0, 2.1919999999999997)	(3.0, 0.036000000000000004)	(4.0, 0.0)	(5.0, 0.0)	(6.0, 0.0)	(7.0, 0.0)	(8.0, 0.0)	(9.0, 0.0)	('>10', 0.0)	('>50', 0.0)	('>100', 0.0)	('>500', 0.0)	('>1k', 0.0)	('>5k', 0.0)	('>10k+', 0.0)
SRR8865595_1	(1.0, 94.843)	(2.0, 4.508)	(3.0, 0.48900000000000005)	(4.0, 0.108)	(5.0, 0.04)	(6.0, 0.012)	(7.0, 0.0)	(8.0, 0.0)	(9.0, 0.0)	('>10', 0.0)	('>50', 0.0)	('>100', 0.0)	('>500', 0.0)	('>1k', 0.0)	('>5k', 0.0)	('>10k+', 0.0)
SRR8865595_2	(1.0, 95.02000000000001)	(2.0, 4.3)	(3.0, 0.477)	(4.0, 0.14400000000000002)	(5.0, 0.034999999999999996)	(6.0, 0.024)	(7.0, 0.0)	(8.0, 0.0)	(9.0, 0.0)	('>10', 0.0)	('>50', 0.0)	('>100', 0.0)	('>500', 0.0)	('>1k', 0.0)	('>5k', 0.0)	('>10k+', 0.0)
SRR8865596_1	(1.0, 91.732)	(2.0, 6.3020000000000005)	(3.0, 1.188)	(4.0, 0.436)	(5.0, 0.185)	(6.0, 0.096)	(7.0, 0.034999999999999996)	(8.0, 0.008)	(9.0, 0.018000000000000002)	('>10', 0.0)	('>50', 0.0)	('>100', 0.0)	('>500', 0.0)	('>1k', 0.0)	('>5k', 0.0)	('>10k+', 0.0)
SRR8865596_2	(1.0, 91.953)	(2.0, 6.05)	(3.0, 1.137)	(4.0, 0.44)	(5.0, 0.255)	(6.0, 0.078)	(7.0, 0.042)	(8.0, 0.016)	(9.0, 0.009000000000000001)	('>10', 0.02)	('>50', 0.0)	('>100', 0.0)	('>500', 0.0)	('>1k', 0.0)	('>5k', 0.0)	('>10k+', 0.0)
SRR8865597_1	(1.0, 95.328)	(2.0, 4.276)	(3.0, 0.34199999999999997)	(4.0, 0.032)	(5.0, 0.01)	(6.0, 0.012)	(7.0, 0.0)	(8.0, 0.0)	(9.0, 0.0)	('>10', 0.0)	('>50', 0.0)	('>100', 0.0)	('>500', 0.0)	('>1k', 0.0)	('>5k', 0.0)	('>10k+', 0.0)
SRR8865597_2	(1.0, 95.476)	(2.0, 4.208)	(3.0, 0.291)	(4.0, 0.02)	(5.0, 0.005)	(6.0, 0.0)	(7.0, 0.0)	(8.0, 0.0)	(9.0, 0.0)	('>10', 0.0)	('>50', 0.0)	('>100', 0.0)	('>500', 0.0)	('>1k', 0.0)	('>5k', 0.0)	('>10k+', 0.0)
SRR8865598_1	(1.0, 95.15599999999999)	(2.0, 4.566)	(3.0, 0.258)	(4.0, 0.008)	(5.0, 0.0)	(6.0, 0.012)	(7.0, 0.0)	(8.0, 0.0)	(9.0, 0.0)	('>10', 0.0)	('>50', 0.0)	('>100', 0.0)	('>500', 0.0)	('>1k', 0.0)	('>5k', 0.0)	('>10k+', 0.0)
SRR8865598_2	(1.0, 95.047)	(2.0, 4.728000000000001)	(3.0, 0.192)	(4.0, 0.027999999999999997)	(5.0, 0.005)	(6.0, 0.0)	(7.0, 0.0)	(8.0, 0.0)	(9.0, 0.0)	('>10', 0.0)	('>50', 0.0)	('>100', 0.0)	('>500', 0.0)	('>1k', 0.0)	('>5k', 0.0)	('>10k+', 0.0)
SRR8865599_1	(1.0, 93.687)	(2.0, 4.872)	(3.0, 0.9480000000000001)	(4.0, 0.308)	(5.0, 0.135)	(6.0, 0.042)	(7.0, 0.0)	(8.0, 0.008)	(9.0, 0.0)	('>10', 0.0)	('>50', 0.0)	('>100', 0.0)	('>500', 0.0)	('>1k', 0.0)	('>5k', 0.0)	('>10k+', 0.0)
SRR8865599_2	(1.0, 93.83399999999999)	(2.0, 4.772)	(3.0, 0.966)	(4.0, 0.244)	(5.0, 0.1)	(6.0, 0.054)	(7.0, 0.021)	(8.0, 0.0)	(9.0, 0.009000000000000001)	('>10', 0.0)	('>50', 0.0)	('>100', 0.0)	('>500', 0.0)	('>1k', 0.0)	('>5k', 0.0)	('>10k+', 0.0)
SRR8865600_1	(1.0, 97.53500000000001)	(2.0, 2.386)	(3.0, 0.063)	(4.0, 0.016)	(5.0, 0.0)	(6.0, 0.0)	(7.0, 0.0)	(8.0, 0.0)	(9.0, 0.0)	('>10', 0.0)	('>50', 0.0)	('>100', 0.0)	('>500', 0.0)	('>1k', 0.0)	('>5k', 0.0)	('>10k+', 0.0)
SRR8865600_2	(1.0, 97.516)	(2.0, 2.414)	(3.0, 0.066)	(4.0, 0.004)	(5.0, 0.0)	(6.0, 0.0)	(7.0, 0.0)	(8.0, 0.0)	(9.0, 0.0)	('>10', 0.0)	('>50', 0.0)	('>100', 0.0)	('>500', 0.0)	('>1k', 0.0)	('>5k', 0.0)	('>10k+', 0.0)
SRR8865601_1	(1.0, 96.96900000000001)	(2.0, 2.74)	(3.0, 0.186)	(4.0, 0.048)	(5.0, 0.03)	(6.0, 0.012)	(7.0, 0.006999999999999999)	(8.0, 0.008)	(9.0, 0.0)	('>10', 0.0)	('>50', 0.0)	('>100', 0.0)	('>500', 0.0)	('>1k', 0.0)	('>5k', 0.0)	('>10k+', 0.0)
SRR8865601_2	(1.0, 97.02300000000001)	(2.0, 2.776)	(3.0, 0.11399999999999999)	(4.0, 0.044000000000000004)	(5.0, 0.01)	(6.0, 0.024)	(7.0, 0.0)	(8.0, 0.0)	(9.0, 0.009000000000000001)	('>10', 0.0)	('>50', 0.0)	('>100', 0.0)	('>500', 0.0)	('>1k', 0.0)	('>5k', 0.0)	('>10k+', 0.0)
