Sample	fastqc-percent_duplicates	fastqc-percent_gc	fastqc-avg_sequence_length	fastqc-median_sequence_length	fastqc-percent_fails	fastqc-total_sequences
SRR5898908_1	1.0	46.0	128.99288	151	0.0	0.09999999999999999
SRR5898908_2	0.9350000000000023	46.0	129.88062	151	10.0	0.09999999999999999
SRR5898909_1	1.2360000000000042	46.0	126.97294	151	0.0	0.09999999999999999
SRR5898909_2	1.1400000000000006	46.0	127.72474	151	10.0	0.09999999999999999
SRR5898910_1	0.8410000000000082	46.0	126.56561	151	0.0	0.09999999999999999
SRR5898910_2	0.8920000000000101	46.0	127.0367	151	0.0	0.09999999999999999
SRR5898911_1	1.5570000000000022	45.0	130.20091	151	0.0	0.09999999999999999
SRR5898911_2	1.3800000000000097	45.0	131.2632	151	10.0	0.09999999999999999
SRR5898912_1	1.4170000000000016	45.0	130.53497	151	0.0	0.09999999999999999
SRR5898912_2	1.3179999999999978	45.0	131.38973	151	10.0	0.09999999999999999
SRR5898920_1	0.7319999999999993	46.0	134.04826	151	0.0	0.09999999999999999
SRR5898920_2	0.7249999999999943	46.0	134.28201	151	0.0	0.09999999999999999
SRR5898921_1	0.8859999999999957	48.0	134.84155	151	0.0	0.09999999999999999
SRR5898921_2	0.8640000000000043	48.0	135.15348	151	0.0	0.09999999999999999
SRR5898922_1	0.7519999999999953	45.0	133.16348	151	0.0	0.09999999999999999
SRR5898922_2	0.7759999999999962	45.0	133.46485	151	0.0	0.09999999999999999
SRR5898923_1	0.8900000000000006	45.0	128.34306	151	0.0	0.09999999999999999
SRR5898923_2	0.8580000000000041	45.0	128.83933	151	0.0	0.09999999999999999
SRR5898924_1	0.9140000000000015	46.0	134.14927	151	0.0	0.09999999999999999
SRR5898924_2	0.8430000000000035	47.0	134.5131	151	10.0	0.09999999999999999
SRR5898925_1	1.149000000000001	46.0	134.46749	151	0.0	0.09999999999999999
SRR5898925_2	1.2129999999999939	46.0	134.77218	151	10.0	0.09999999999999999
SRR5898926_1	0.8100000000000023	46.0	137.27566	151	0.0	0.09999999999999999
SRR5898926_2	0.8140000000000072	46.0	137.45079	151	10.0	0.09999999999999999
SRR5898948_1	0.9769999999999897	45.0	140.90098	151	10.0	0.09999999999999999
SRR5898948_2	1.0769999999999982	45.0	140.88913	151	10.0	0.09999999999999999
SRR5898950_1	0.8900000000000006	47.0	142.2122	151	0.0	0.09999999999999999
SRR5898950_2	1.0159999999999911	47.0	142.22245	151	10.0	0.09999999999999999
SRR5898954_1	13.897000000000006	43.0	141.91316	151	20.0	0.09999999999999999
SRR5898954_2	13.805000000000007	43.0	141.89382	151	10.0	0.09999999999999999
SRR5898966_1	1.2109999999999985	48.0	138.87105	151	0.0	0.09999999999999999
SRR5898966_2	1.2830000000000013	48.0	138.89613	151	0.0	0.09999999999999999
SRR5898978_1	1.8610000000000042	51.0	132.18378	151	0.0	0.09999999999999999
SRR5898978_2	1.7420000000000044	51.0	132.48637	151	0.0	0.09999999999999999
SRR5898979_1	1.429000000000002	48.0	138.97229	151	0.0	0.09999999999999999
SRR5898979_2	1.6039999999999992	49.0	138.94845	151	0.0	0.09999999999999999
SRR5898980_1	0.921999999999997	51.0	141.43511	151	0.0	0.09999999999999999
SRR5898980_2	1.0859999999999985	51.0	141.42175	151	0.0	0.09999999999999999
SRR5898981_1	1.0180000000000007	48.0	140.63231	151	0.0	0.09999999999999999
SRR5898981_2	0.9390000000000072	48.0	140.84145	151	0.0	0.09999999999999999
SRR5898982_1	1.1499999999999915	49.0	138.17799	151	0.0	0.09999999999999999
SRR5898982_2	1.0870000000000033	49.0	138.38363	151	0.0	0.09999999999999999
SRR5898983_1	4.263999999999996	54.0	143.25257	151	10.0	0.09999999999999999
SRR5898983_2	3.8670000000000044	54.0	143.43372	151	10.0	0.09999999999999999
SRR5898984_1	1.4470000000000027	48.0	137.91806	151	0.0	0.09999999999999999
SRR5898984_2	1.507000000000005	48.0	137.94498	151	10.0	0.09999999999999999
SRR5898985_1	2.837999999999994	43.0	131.22486	151	10.0	0.09999999999999999
SRR5898985_2	2.6680000000000064	43.0	131.5252	151	10.0	0.09999999999999999
SRR5898986_1	1.480000000000004	49.0	137.37526	151	10.0	0.09999999999999999
SRR5898986_2	1.6530000000000058	49.0	137.30457	151	10.0	0.09999999999999999
SRR5898987_1	1.0570000000000022	52.0	138.60924	151	0.0	0.09999999999999999
SRR5898987_2	0.9480000000000075	52.0	138.79654	151	0.0	0.09999999999999999
SRR5899005_1	0.943000000000012	46.0	127.60364	151	0.0	0.09999999999999999
SRR5899005_2	0.8490000000000038	46.0	128.51085	151	0.0	0.09999999999999999
SRR5899006_1	1.0090000000000003	46.0	129.539	151	0.0	0.09999999999999999
SRR5899006_2	0.9120000000000061	46.0	130.68786	151	0.0	0.09999999999999999
SRR5899007_1	1.652000000000001	45.0	131.95017	151	0.0	0.09999999999999999
SRR5899007_2	1.4740000000000038	45.0	132.7722	151	10.0	0.09999999999999999
SRR5899017_1	0.6610000000000014	48.0	145.25296	151	0.0	0.09999999999999999
SRR5899017_2	0.7999999999999972	48.0	145.22396	151	0.0	0.09999999999999999
SRR8865572_1	1.3739999999999952	47.0	143.40128	150	10.0	0.09999999999999999
SRR8865572_2	1.3299999999999983	47.0	143.41086	150	10.0	0.09999999999999999
SRR8865573_1	0.9449999999999932	48.0	142.18314	150	0.0	0.09999999999999999
SRR8865573_2	0.9839999999999947	48.0	142.19322	150	10.0	0.09999999999999999
SRR8865574_1	4.77300000000001	42.0	140.27512	150	10.0	0.09999999999999999
SRR8865574_2	4.742999999999995	42.0	140.26806	150	10.0	0.09999999999999999
SRR8865575_1	1.304000000000002	46.0	143.15404	150	10.0	0.09999999999999999
SRR8865575_2	1.2420000000000044	46.0	143.16278	150	10.0	0.09999999999999999
SRR8865576_1	4.692999999999998	42.0	141.26962	150	10.0	0.09999999999999999
SRR8865576_2	4.806999999999988	42.0	141.27794	150	10.0	0.09999999999999999
SRR8865577_1	1.1059999999999945	49.0	134.69184	150	0.0	0.09999999999999999
SRR8865577_2	1.0859999999999985	49.0	135.17974	150	20.0	0.09999999999999999
SRR8865578_1	1.1550000000000011	49.0	141.3278	150	0.0	0.09999999999999999
SRR8865578_2	1.1310000000000002	49.0	141.3385	150	0.0	0.09999999999999999
SRR8865579_1	1.2249999999999943	47.0	142.97246	150	10.0	0.09999999999999999
SRR8865579_2	1.2000000000000028	47.0	142.98842	150	10.0	0.09999999999999999
SRR8865580_1	1.0789999999999935	49.0	142.51288	150	0.0	0.09999999999999999
SRR8865580_2	1.0499999999999972	49.0	142.5216	150	0.0	0.09999999999999999
SRR8865581_1	1.2199999999999989	47.0	143.07372	150	10.0	0.09999999999999999
SRR8865581_2	1.2000000000000028	47.0	143.0862	150	10.0	0.09999999999999999
SRR8865582_1	1.4159999999999968	48.0	131.79702	150	0.0	0.09999999999999999
SRR8865582_2	1.3739999999999952	48.0	132.5189	150	20.0	0.09999999999999999
SRR8865583_1	1.0330000000000013	47.0	133.41668	150	10.0	0.09999999999999999
SRR8865583_2	1.0260000000000105	47.0	133.96388	150	20.0	0.09999999999999999
SRR8865584_1	1.3260000000000076	51.0	138.70098	150	0.0	0.09999999999999999
SRR8865584_2	1.2959999999999923	51.0	139.21386	150	10.0	0.09999999999999999
SRR8865585_1	1.3179999999999978	49.0	134.78314	150	10.0	0.09999999999999999
SRR8865585_2	1.2129999999999939	49.0	135.272	150	10.0	0.09999999999999999
SRR8865586_1	1.4789999999999992	51.0	131.7032	150	0.0	0.09999999999999999
SRR8865586_2	1.4920000000000044	51.0	131.72488	150	0.0	0.09999999999999999
SRR8865587_1	3.703000000000003	50.0	136.62816	150	0.0	0.09999999999999999
SRR8865587_2	3.7630000000000052	50.0	136.64496	150	0.0	0.09999999999999999
SRR8865588_1	2.048000000000002	49.0	142.54952	150	0.0	0.09999999999999999
SRR8865588_2	2.034000000000006	49.0	142.55712	150	10.0	0.09999999999999999
SRR8865589_1	1.365000000000009	46.0	136.06106	150	10.0	0.09999999999999999
SRR8865589_2	1.3050000000000068	46.0	136.53008	150	20.0	0.09999999999999999
SRR8865590_1	1.0870000000000033	46.0	138.37104	150	0.0	0.09999999999999999
SRR8865590_2	1.0660000000000025	46.0	138.37966	150	10.0	0.09999999999999999
SRR8865591_1	1.6599999999999966	46.0	135.2191	150	10.0	0.09999999999999999
SRR8865591_2	1.6480000000000103	46.0	135.59706	150	20.0	0.09999999999999999
SRR8865592_1	1.865000000000009	44.0	143.1115	150	10.0	0.09999999999999999
SRR8865592_2	1.8130000000000024	44.0	143.43864	150	20.0	0.09999999999999999
SRR8865593_1	1.7390000000000043	46.0	140.02432	150	0.0	0.09999999999999999
SRR8865593_2	1.7560000000000002	46.0	140.04382	150	0.0	0.09999999999999999
SRR8865594_1	1.1929999999999978	47.0	143.10386	150	10.0	0.09999999999999999
SRR8865594_2	1.1200000000000045	47.0	143.12196	150	20.0	0.09999999999999999
SRR8865595_1	2.703000000000003	45.0	143.97894	150	10.0	0.09999999999999999
SRR8865595_2	2.6240000000000094	45.0	143.99016	150	10.0	0.09999999999999999
SRR8865596_1	4.551000000000002	49.0	141.84394	150	0.0	0.09999999999999999
SRR8865596_2	4.457999999999998	50.0	141.85784	150	10.0	0.09999999999999999
SRR8865597_1	2.4080000000000013	45.0	138.89214	150	20.0	0.09999999999999999
SRR8865597_2	2.3170000000000073	45.0	139.2405	150	30.0	0.09999999999999999
SRR8865598_1	2.4710000000000036	45.0	135.7816	150	10.0	0.09999999999999999
SRR8865598_2	2.516999999999996	45.0	136.17516	150	20.0	0.09999999999999999
SRR8865599_1	3.448999999999998	49.0	141.5816	150	0.0	0.09999999999999999
SRR8865599_2	3.3640000000000043	49.0	141.59356	150	0.0	0.09999999999999999
SRR8865600_1	1.2469999999999999	49.0	143.8097	150	0.0	0.09999999999999999
SRR8865600_2	1.2540000000000049	49.0	143.8136	150	10.0	0.09999999999999999
SRR8865601_1	1.5769999999999982	49.0	142.02324	150	0.0	0.09999999999999999
SRR8865601_2	1.5330000000000013	49.0	142.02768	150	0.0	0.09999999999999999
